1 0.825162 0.757255 0.0411143 0.192667
1 0.978113 0.612283 0.0395184 0.212764
1 0.178513 0.217408 0.0318645 0.172119
1 0.264442 0.695116 0.0376239 0.14276
1 0.785281 0.113004 0.0332809 0.162432
1 0.913598 0.735697 0.0343753 0.187731
1 0.576211 0.753357 0.0456842 0.168316
1 0.17237 0.0991141 0.0288742 0.0772315
1 0.937897 0.197061 0.0320007 0.0936933
1 0.938142 0.632844 0.0336389 0.153208
1 0.349318 0.146749 0.0367252 0.0673993
1 0.897884 0.550769 0.0392361 0.103038
1 0.802399 0.575036 0.0312168 0.133677
1 0.477103 0.562856 0.0294781 0.104707
1 0.339125 0.308135 0.033658 0.0980334
1 0.91623 0.055523 0.0329655 0.106389
1 0.862054 0.55085 0.0358265 0.0966878
1 0.800215 0.437235 0.0339055 0.147063
1 0.615916 0.346657 0.0287794 0.147351
1 0.872647 0.830242 0.0374802 0.147677
1 0.437164 0.48564 0.029707 0.0980973
1 0.923555 0.240711 0.0364895 0.0712865
1 0.92653 0.868855 0.0418459 0.0675497
1 0.258572 0.865183 0.0419295 0.0774036
1 0.564512 0.245733 0.0284212 0.0716184
1 0.668524 0.74083 0.0443966 0.0655386
1 0.177723 0.842268 0.0372732 0.127506
1 0.177967 0.646527 0.0376481 0.0931067
1 0.852658 0.0964848 0.0227533 0.124967
1 0.797149 0.842916 0.0431377 0.11658
1 0.929844 0.329264 0.0304386 0.138029
1 0.6163 0.444812 0.0298843 0.0650333
1 0.605314 0.866394 0.036117 0.0754412
1 0.604697 0.191605 0.0256849 0.0971831
1 0.642283 0.297611 0.0335999 0.126114
1 0.305405 0.137843 0.0264976 0.0970426
1 0.297282 0.404866 0.0385093 0.0839892
1 0.649976 0.626008 0.0300116 0.0563639
1 0.468079 0.372186 0.0283018 0.0790967
1 0.652486 0.525264 0.0290558 0.0691338
1 0.962626 0.476878 0.0357269 0.114594
1 0.275895 0.15856 0.0251469 0.0566787
1 0.274632 0.0782893 0.0298362 0.113813
1 0.9367 0.533449 0.0317211 0.0793703
1 0.312229 0.672479 0.0341298 0.0861201
1 0.626514 0.130639 0.0314247 0.112125
1 0.346572 0.213773 0.0332259 0.0826101
1 0.570303 0.453064 0.0301306 0.085892
1 0.594252 0.635743 0.0198919 0.068924
1 0.885923 0.0949926 0.0339142 0.113929
1 0.656946 0.466498 0.0322613 0.0646134
1 0.881111 0.707543 0.0399189 0.104261
1 0.208376 0.776331 0.0452964 0.117269
1 0.968803 0.258096 0.0342037 0.0846301
1 0.35886 0.406869 0.0217392 0.103695
1 0.429801 0.0669675 0.0272985 0.100885
1 0.682604 0.530172 0.0298987 0.0701243
1 0.648941 0.711476 0.026314 0.118042
1 0.497786 0.0752844 0.025223 0.123312
1 0.566659 0.634121 0.0338013 0.0738113
1 0.582798 0.218218 0.0216044 0.0870989
1 0.832643 0.0881793 0.0253078 0.131521
1 0.471692 0.0584488 0.0234896 0.0552042
1 0.685148 0.876703 0.0248482 0.0539643
1 0.247488 0.0324962 0.0332875 0.0605387
1 0.198304 0.483505 0.0283898 0.158783
1 0.81135 0.662844 0.029068 0.0841148
1 0.194816 0.128051 0.0196031 0.0991494
1 0.242768 0.260467 0.0336229 0.174871
1 0.58401 0.499029 0.0293127 0.0750711
1 0.657712 0.114808 0.0293497 0.127703
1 0.160289 0.520484 0.0375421 0.0655538
1 0.548684 0.848544 0.0306889 0.0658275
1 0.881621 0.31598 0.0345822 0.062193
1 0.272627 0.363854 0.0227598 0.102654
1 0.586552 0.407812 0.0295032 0.0820117
1 0.449771 0.0993821 0.0280391 0.0691703
1 0.50207 0.314214 0.0281918 0.0911915
1 0.833251 0.255747 0.0237953 0.0622844
1 0.397203 0.343738 0.0285694 0.0555062
1 0.475951 0.121973 0.0253677 0.0650797
1 0.988591 0.439301 0.0228174 0.123661
1 0.772368 0.318482 0.0341009 0.0693774
1 0.239749 0.688966 0.0291302 0.19012
1 0.339963 0.402781 0.0219138 0.0907851
1 0.721903 0.266145 0.0224836 0.0682659
1 0.32537 0.506618 0.033718 0.0689832
1 0.953282 0.0518789 0.0226608 0.0993279
1 0.153243 0.569718 0.0369908 0.0616935
1 0.392915 0.285232 0.0260315 0.0693809
1 0.426358 0.367982 0.0268656 0.0756268
1 0.535523 0.263961 0.0251471 0.0774863
1 0.125061 0.843108 0.0417469 0.120023
1 0.445903 0.229812 0.0326406 0.0675742
1 0.88286 0.189536 0.0228694 0.0746259
1 0.717675 0.649695 0.0238651 0.111001
1 0.960943 0.400155 0.0235062 0.0481264
1 0.342781 0.819423 0.0410424 0.165826
1 0.413933 0.7953 0.0259159 0.0640908
1 0.701821 0.353643 0.0346207 0.0634699
1 0.780668 0.389512 0.0216854 0.0788229
1 0.724795 0.823709 0.0361884 0.156156
1 0.531331 0.33284 0.0323906 0.0561087
1 0.203588 0.0474287 0.0226992 0.0836764
1 0.553639 0.51476 0.022476 0.0699454
1 0.498257 0.648854 0.04016 0.067824
1 0.618288 0.50745 0.0294216 0.0812335
1 0.314313 0.847998 0.0388182 0.109761
1 0.81475 0.351572 0.0257001 0.0528305
1 0.879599 0.417463 0.0296428 0.0759953
1 0.854525 0.700852 0.0341347 0.221143
1 0.132118 0.189656 0.0223572 0.0538707
1 0.435419 0.866032 0.0387363 0.076869
1 0.447729 0.41133 0.0238815 0.0626244
1 0.446899 0.748297 0.0413189 0.176233
1 0.4763 0.287209 0.0295008 0.0609232
1 0.657397 0.201449 0.0317129 0.0518066
1 0.342961 0.0561199 0.0290399 0.0987771
1 0.654778 0.873642 0.0329315 0.0640527
1 0.12921 0.741657 0.0335225 0.0704608
1 0.376104 0.0676415 0.0337902 0.0955022
1 0.974386 0.183872 0.0297611 0.0565884
1 0.755746 0.404647 0.0244698 0.0548353
1 0.452229 0.57927 0.0232716 0.0939186
1 0.703708 0.177544 0.0316985 0.0632426
1 0.163904 0.408679 0.0324356 0.0972181
1 0.542521 0.774772 0.0322676 0.0775055
1 0.590089 0.0559904 0.02985 0.10048
1 0.38324 0.153276 0.0274563 0.0761429
1 0.424394 0.568971 0.0283255 0.0645633
1 0.529826 0.466015 0.030537 0.0513413
1 0.906507 0.222757 0.0155108 0.0519392
1 0.335162 0.470956 0.0243658 0.0704417
1 0.310452 0.737613 0.0309324 0.0850927
1 0.538422 0.396171 0.0345755 0.0813384
1 0.390012 0.0356411 0.0223891 0.0643791
1 0.201476 0.866104 0.0332692 0.0763083
1 0.696818 0.595201 0.029351 0.0702626
1 0.92011 0.372517 0.0359943 0.0913876
1 0.488092 0.498742 0.0248764 0.0641052
1 0.894539 0.627892 0.0476939 0.0698775
1 0.897561 0.469566 0.025946 0.0520771
1 0.692974 0.686695 0.0306975 0.0632606
1 0.880659 0.361655 0.0329391 0.0501303
1 0.161764 0.737446 0.029743 0.0678912
1 0.849203 0.399056 0.0233383 0.0570917
1 0.672552 0.0591848 0.0233949 0.11837
1 0.336253 0.683434 0.023036 0.0801297
1 0.907105 0.432945 0.017971 0.0517752
1 0.584009 0.561935 0.0291101 0.0849893
1 0.929781 0.46902 0.0304798 0.0671349
1 0.374954 0.499982 0.023674 0.0538096
1 0.736033 0.646464 0.015432 0.0813829
1 0.316837 0.37738 0.0254599 0.06515
1 0.499626 0.174447 0.0234583 0.0625504
1 0.198134 0.449749 0.0268571 0.09035
1 0.360665 0.562168 0.0253904 0.137258
1 0.621733 0.234087 0.0311069 0.0660515
