0 0.347095 0.27327 0.266556 0.184438
1 0.0699762 0.878757 0.133888 0.207585
1 0.895853 0.892362 0.138949 0.214597
1 0.705794 0.880782 0.125677 0.231935
1 0.499891 0.83602 0.0556908 0.109483
1 0.209832 0.830033 0.0597576 0.0997037
1 0.130066 0.832031 0.0450772 0.107104
1 0.617521 0.817231 0.0478477 0.0715129
1 0.288492 0.822895 0.048176 0.0853052
0 0.116795 0.297985 0.23272 0.158429
1 0.392391 0.812181 0.0351631 0.0845951
1 0.459898 0.823301 0.0358574 0.0771733
1 0.548991 0.839237 0.0628107 0.107285
1 0.769558 0.889698 0.132805 0.218002
0 0.262177 0.43182 0.180838 0.120789
1 0.162322 0.825876 0.035448 0.0862526
1 0.326438 0.806791 0.0305441 0.0651523
1 0.229367 0.786156 0.0224054 0.0277475
1 0.585802 0.823443 0.0241008 0.0585863
