0 0.483333 0.366071 0.393333 0.470238
1 0.058333 0.666667 0.076667 0.202381
1 0.133333 0.723214 0.200000 0.553571
1 0.295000 0.782738 0.196667 0.434524
1 0.495000 0.761905 0.183333 0.476190
1 0.838333 0.761905 0.303333 0.476190
1 0.726667 0.497024 0.140000 0.184524
1 0.941667 0.738095 0.116667 0.523810
1 0.618333 0.717262 0.043333 0.267857
1 0.561667 0.654762 0.056667 0.178571
1 0.235000 0.639881 0.043333 0.113095
1 0.660000 0.732143 0.033333 0.273810
1 0.353333 0.604167 0.026667 0.065476
1 0.421667 0.625000 0.070000 0.190476
1 0.383333 0.672619 0.033333 0.190476
