0 0.525000 0.377976 0.516667 0.577381
1 0.935000 0.863095 0.090000 0.273810
1 0.860000 0.872024 0.060000 0.255952
1 0.800000 0.875000 0.053333 0.250000
1 0.723333 0.898810 0.066667 0.202381
1 0.670000 0.895833 0.033333 0.208333
1 0.508333 0.875000 0.050000 0.250000
1 0.403333 0.931548 0.066667 0.136905
0 0.585000 0.794643 0.076667 0.148810
1 0.065000 0.764881 0.103333 0.470238
1 0.168333 0.761905 0.063333 0.273810
1 0.420000 0.836310 0.040000 0.172619
1 0.393333 0.836310 0.033333 0.148810
0 0.653333 0.791667 0.060000 0.130952
