1 0.103679 0.822485 0.086957 0.355030
1 0.165552 0.801775 0.050167 0.396450
1 0.043478 0.801775 0.053512 0.313609
1 0.011706 0.798817 0.016722 0.248521
1 0.272575 0.730769 0.197324 0.538462
1 0.451505 0.686391 0.147157 0.627219
1 0.660535 0.704142 0.317726 0.591716
1 0.891304 0.772189 0.130435 0.455621
1 0.966555 0.775148 0.066890 0.449704
1 0.849498 0.597633 0.053512 0.153846
1 0.754181 0.591716 0.030100 0.071006
1 0.697324 0.576923 0.043478 0.065089
0 0.814381 0.180473 0.277592 0.349112
0 0.277592 0.195266 0.294314 0.378698
