0 0.280000 0.292198 0.201000 0.270818
0 0.208250 0.543136 0.254500 0.252063
0 0.055750 0.564141 0.109500 0.160540
0 0.487250 0.202926 0.203500 0.128282
0 0.494500 0.361215 0.217000 0.197299
0 0.649500 0.280195 0.084000 0.279820
0 0.755500 0.204426 0.138000 0.299325
0 0.786500 0.432483 0.192000 0.155289
0 0.646750 0.486497 0.097500 0.110278
0 0.421750 0.576144 0.118500 0.147037
0 0.537750 0.567142 0.126500 0.148537
0 0.070750 0.374719 0.136500 0.260315
1 0.895000 0.762191 0.039000 0.159040
1 0.856250 0.758815 0.046500 0.156789
1 0.788500 0.719805 0.028000 0.074269
1 0.811000 0.740435 0.036000 0.120030
1 0.755250 0.720180 0.032500 0.070518
1 0.968750 0.747562 0.038500 0.155289
1 0.927500 0.707802 0.023000 0.084771
1 0.926500 0.690173 0.018000 0.049512
1 0.148500 0.710428 0.015000 0.048012
1 0.169000 0.705551 0.013000 0.066767
1 0.185250 0.699550 0.012500 0.044261
1 0.194250 0.718305 0.022500 0.062266
1 0.217000 0.714179 0.021000 0.090023
1 0.236250 0.738185 0.023500 0.078020
1 0.239500 0.690548 0.020000 0.032258
1 0.259000 0.705176 0.017000 0.049512
1 0.274000 0.740060 0.025000 0.069767
1 0.279000 0.698425 0.020000 0.046512
1 0.300000 0.737059 0.015000 0.069767
1 0.298000 0.694299 0.013000 0.024756
1 0.316750 0.737059 0.021500 0.074269
1 0.330000 0.706302 0.019000 0.047262
1 0.358000 0.726182 0.020000 0.088522
1 0.376750 0.738935 0.028500 0.060015
1 0.390750 0.691298 0.013500 0.042761
1 0.699000 0.691673 0.017000 0.045011
1 0.730500 0.693173 0.022000 0.052513
1 0.814500 0.684546 0.017000 0.030758
0 0.864500 0.641785 0.053000 0.065266
0 0.855500 0.530758 0.090000 0.102776
1 0.616500 0.530758 0.020000 0.092273
1 0.650750 0.533008 0.013500 0.042761
1 0.630250 0.523256 0.015500 0.062266
