0 0.276250 0.190923 0.286500 0.351838
0 0.808500 0.156039 0.319000 0.310578
1 0.647250 0.752438 0.156500 0.495124
1 0.765000 0.787697 0.091000 0.424606
1 0.845500 0.769692 0.105000 0.459115
1 0.930500 0.743436 0.139000 0.513128
1 0.862750 0.596399 0.046500 0.120030
1 0.544000 0.701425 0.050000 0.240060
1 0.499500 0.685671 0.034000 0.102026
1 0.104500 0.784321 0.087000 0.410353
1 0.264250 0.681920 0.227500 0.636159
1 0.425250 0.673293 0.134500 0.653413
1 0.170250 0.707427 0.055500 0.319580
1 0.186750 0.679670 0.042500 0.226557
1 0.048500 0.714554 0.061000 0.288822
1 0.012000 0.708552 0.022000 0.191298
1 0.711500 0.617029 0.028000 0.039760
1 0.981250 0.577644 0.037500 0.094524
