0 0.512500 0.263704 0.681667 0.524444
1 0.050000 0.842222 0.070000 0.315556
1 0.127083 0.851852 0.067500 0.296296
1 0.197500 0.857778 0.058333 0.284444
1 0.245833 0.864444 0.066667 0.271111
1 0.292500 0.847407 0.055000 0.305185
1 0.340000 0.855556 0.053333 0.288889
1 0.388333 0.852593 0.058333 0.294815
1 0.430417 0.913333 0.117500 0.173333
1 0.437917 0.820741 0.072500 0.183704
1 0.479167 0.762963 0.055000 0.127407
1 0.515417 0.870370 0.040833 0.259259
1 0.555000 0.847407 0.053333 0.305185
1 0.601667 0.855556 0.063333 0.288889
1 0.658333 0.858519 0.066667 0.282963
1 0.719583 0.855556 0.062500 0.288889
1 0.786667 0.837778 0.063333 0.324444
