0 0.691718 0.272480 0.233129 0.528610
0 0.474693 0.391008 0.090491 0.171662
0 0.885736 0.644414 0.065951 0.111717
1 0.462423 0.903270 0.044479 0.193460
1 0.505368 0.897820 0.047546 0.204360
1 0.549080 0.895095 0.033742 0.177112
1 0.101994 0.897820 0.069018 0.204360
1 0.572853 0.889646 0.023006 0.220708
1 0.608129 0.886921 0.047546 0.226158
1 0.717025 0.888283 0.047546 0.212534
1 0.854294 0.865123 0.030675 0.084469
1 0.963190 0.866485 0.021472 0.081744
1 0.659509 0.882834 0.021472 0.130790
1 0.678681 0.877384 0.026074 0.141689
1 0.800613 0.874659 0.021472 0.141689
