0 0.547500 0.431111 0.551667 0.853333
0 0.771667 0.208148 0.126667 0.392593
0 0.881667 0.485185 0.166667 0.404444
1 0.912500 0.922222 0.063333 0.155556
1 0.846250 0.914815 0.064167 0.170370
1 0.763750 0.934815 0.039167 0.130370
1 0.726250 0.933333 0.037500 0.133333
1 0.622500 0.935556 0.048333 0.128889
1 0.671667 0.945185 0.053333 0.109630
1 0.397917 0.951852 0.042500 0.096296
1 0.437083 0.940741 0.010833 0.041481
1 0.446667 0.938519 0.016667 0.045926
1 0.679583 0.884444 0.010833 0.044444
1 0.212500 0.977037 0.021667 0.045926
1 0.236667 0.977037 0.016667 0.045926
0 0.160833 0.434074 0.053333 0.174815
0 0.164167 0.600741 0.056667 0.173333
0 0.174167 0.782222 0.055000 0.201481
