1 0.295000 0.418333 0.026667 0.216667
1 0.329583 0.460000 0.039167 0.263333
1 0.366667 0.532500 0.071667 0.461667
1 0.392500 0.371667 0.011667 0.070000
1 0.409167 0.475833 0.030000 0.258333
1 0.460833 0.454167 0.020000 0.295000
1 0.452083 0.631667 0.032500 0.130000
1 0.486667 0.677500 0.046667 0.175000
1 0.549167 0.711667 0.073333 0.183333
1 0.702500 0.864167 0.093333 0.271667
1 0.895000 0.655000 0.060000 0.690000
0 0.962500 0.516667 0.075000 0.840000
0 0.744167 0.442500 0.165000 0.625000
0 0.544167 0.416667 0.095000 0.426667
0 0.486667 0.403333 0.041667 0.373333
0 0.448333 0.412500 0.046667 0.318333
