0 0.738670 0.330592 0.204678 0.132675
0 0.525950 0.350877 0.133041 0.142544
0 0.776681 0.472588 0.185673 0.168860
0 0.530702 0.479715 0.110380 0.137061
1 0.044591 0.620066 0.018275 0.112939
1 0.058114 0.624452 0.014620 0.112939
1 0.073099 0.621711 0.022661 0.103070
1 0.116959 0.614035 0.025585 0.118421
1 0.182383 0.698465 0.045322 0.125000
1 0.251462 0.775219 0.084064 0.414474
1 0.330775 0.552632 0.020468 0.111842
1 0.367690 0.734101 0.056287 0.316886
1 0.430190 0.712171 0.049708 0.191886
1 0.307018 0.648575 0.028509 0.165570
1 0.498904 0.589912 0.024854 0.149123
1 0.523026 0.595943 0.027778 0.141447
1 0.446637 0.571272 0.035819 0.103070
1 0.207968 0.535636 0.027778 0.080044
1 0.184942 0.561404 0.028509 0.120614
1 0.164108 0.555921 0.023392 0.103070
1 0.477705 0.599781 0.019006 0.125000
1 0.576389 0.758772 0.065789 0.348684
1 0.627558 0.637610 0.013158 0.042763
1 0.633041 0.690241 0.043129 0.097588
1 0.639620 0.641447 0.016813 0.037281
1 0.653143 0.679825 0.020468 0.065789
1 0.678363 0.693531 0.031433 0.106360
1 0.726243 0.791118 0.067251 0.369518
1 0.974415 0.750000 0.031433 0.219298
1 0.926170 0.733004 0.034357 0.222588
1 0.945175 0.665570 0.032895 0.072368
1 0.895833 0.725877 0.040936 0.221491
1 0.860746 0.714912 0.033626 0.195175
1 0.829313 0.721491 0.039474 0.252193
1 0.777047 0.661732 0.029971 0.086623
1 0.797880 0.651316 0.014620 0.041667
