1 0.016250 0.903333 0.027500 0.186667
1 0.045833 0.904167 0.043333 0.188333
1 0.075833 0.899167 0.048333 0.201667
1 0.155833 0.891667 0.046667 0.196667
1 0.197083 0.867500 0.022500 0.158333
1 0.117083 0.852500 0.017500 0.155000
1 0.247917 0.864167 0.020833 0.145000
1 0.277083 0.864167 0.030833 0.168333
1 0.296667 0.862500 0.028333 0.161667
1 0.414583 0.866667 0.034167 0.180000
1 0.462917 0.862500 0.027500 0.178333
1 0.531250 0.865833 0.037500 0.175000
1 0.564583 0.876667 0.027500 0.160000
1 0.645417 0.885833 0.030833 0.211667
1 0.670000 0.891667 0.036667 0.190000
1 0.700417 0.890833 0.035833 0.218333
1 0.760833 0.878333 0.033333 0.156667
1 0.938333 0.881667 0.025000 0.176667
1 0.971667 0.853333 0.045000 0.140000
1 0.990000 0.815000 0.020000 0.086667
1 0.852500 0.900000 0.053333 0.200000
1 0.818333 0.864167 0.018333 0.168333
1 0.797917 0.870000 0.024167 0.160000
0 0.315000 0.365833 0.091667 0.178333
0 0.923750 0.433333 0.152500 0.470000
0 0.313333 0.490833 0.096667 0.211667
1 0.057083 0.783333 0.012500 0.023333
1 0.913750 0.837500 0.029167 0.145000
0 0.630000 0.280833 0.088333 0.241667
