0 0.370000 0.437222 0.368333 0.525556
0 0.641667 0.431667 0.175000 0.330000
1 0.326667 0.848889 0.016667 0.071111
1 0.342917 0.851667 0.012500 0.067778
1 0.354167 0.849444 0.015000 0.074444
1 0.432917 0.848889 0.015833 0.071111
1 0.458333 0.850556 0.033333 0.063333
1 0.542083 0.847222 0.022500 0.081111
1 0.601250 0.843333 0.025833 0.080000
1 0.614583 0.837778 0.020833 0.064444
1 0.674583 0.843333 0.025833 0.086667
1 0.710000 0.839444 0.023333 0.076667
1 0.752917 0.837222 0.022500 0.092222
1 0.783750 0.836111 0.017500 0.090000
1 0.798750 0.835556 0.020833 0.095556
1 0.821250 0.838889 0.025833 0.077778
1 0.843333 0.835000 0.026667 0.078889
1 0.170417 0.828333 0.015833 0.041111
