0 0.551875 0.247423 0.307500 0.258669
1 0.853437 0.843955 0.048125 0.312090
1 0.822812 0.758201 0.021875 0.200562
1 0.789375 0.743674 0.041250 0.171509
1 0.755000 0.668229 0.023750 0.035614
1 0.747188 0.834114 0.061875 0.320525
1 0.671562 0.836457 0.085625 0.325211
1 0.566875 0.778819 0.035000 0.189316
1 0.519687 0.890815 0.174375 0.218369
1 0.501875 0.747891 0.067500 0.163074
1 0.502812 0.673383 0.041875 0.077788
1 0.539687 0.655108 0.028125 0.067479
1 0.572812 0.642455 0.019375 0.032802
1 0.387188 0.875820 0.123125 0.248360
1 0.413125 0.769916 0.063750 0.177132
1 0.436563 0.735239 0.038125 0.120900
1 0.425625 0.671040 0.021250 0.054358
1 0.368125 0.680881 0.045000 0.115276
1 0.391875 0.664948 0.023750 0.072165
1 0.324375 0.762418 0.053750 0.205248
1 0.224375 0.835989 0.207500 0.326148
1 0.152188 0.754920 0.074375 0.220244
1 0.073438 0.850984 0.088125 0.298032
1 0.187188 0.551078 0.033125 0.138707
1 0.241563 0.556232 0.030625 0.128397
1 0.283125 0.462043 0.030000 0.089972
1 0.282500 0.412371 0.023750 0.039363
1 0.332188 0.441893 0.028125 0.115276
1 0.603437 0.448454 0.025625 0.104030
1 0.982500 0.676195 0.030000 0.107779
1 0.940000 0.682287 0.035000 0.123711
