0 0.396516 0.256831 0.491803 0.484517
0 0.212090 0.411658 0.120902 0.200364
1 0.115779 0.779599 0.168033 0.440801
1 0.228996 0.761384 0.099385 0.477231
1 0.349898 0.714026 0.056352 0.309654
1 0.392930 0.744991 0.052254 0.269581
1 0.474898 0.753188 0.082992 0.402550
1 0.620389 0.617486 0.039959 0.218579
1 0.676742 0.652095 0.048156 0.211293
1 0.721311 0.626594 0.022541 0.182149
1 0.750512 0.686703 0.056352 0.284153
1 0.814549 0.660291 0.030738 0.227687
1 0.853484 0.671220 0.055328 0.267760
1 0.893443 0.646630 0.036885 0.222222
1 0.985656 0.587432 0.018443 0.085610
1 0.945697 0.606557 0.020492 0.112933
