1 0.011538 0.649770 0.020000 0.156682
1 0.062308 0.661290 0.050769 0.235023
1 0.150000 0.705069 0.087692 0.235023
1 0.461538 0.705069 0.101538 0.271889
0 0.033077 0.306452 0.063077 0.248848
0 0.091538 0.322581 0.063077 0.244240
0 0.149231 0.346774 0.055385 0.228111
0 0.199231 0.357143 0.050769 0.216590
0 0.241538 0.375576 0.046154 0.207373
0 0.278462 0.387097 0.040000 0.198157
0 0.310000 0.399770 0.038462 0.182028
0 0.336923 0.408986 0.036923 0.172811
0 0.364615 0.412442 0.030769 0.161290
0 0.445385 0.434332 0.115385 0.172811
0 0.942308 0.395161 0.115385 0.214286
0 0.711538 0.407834 0.078462 0.152074
1 0.943846 0.676267 0.041538 0.200461
1 0.886923 0.703917 0.072308 0.260369
1 0.855385 0.698157 0.030769 0.170507
1 0.841538 0.599078 0.018462 0.050691
1 0.858462 0.593318 0.021538 0.043779
1 0.803077 0.709677 0.049231 0.267281
1 0.786154 0.594470 0.021538 0.050691
1 0.742308 0.703917 0.056923 0.251152
1 0.715385 0.694700 0.030769 0.209677
1 0.680769 0.693548 0.060000 0.198157
1 0.617692 0.717742 0.072308 0.214286
1 0.557692 0.686636 0.044615 0.207373
1 0.500769 0.688940 0.060000 0.230415
1 0.383077 0.646313 0.030769 0.135945
1 0.340000 0.663594 0.040000 0.188940
1 0.299231 0.670507 0.035385 0.161290
1 0.273077 0.662442 0.026154 0.154378
1 0.256923 0.642857 0.021538 0.105991
1 0.236154 0.632488 0.026154 0.126728
1 0.216154 0.673963 0.050769 0.186636
1 0.190000 0.649770 0.026154 0.161290
1 0.106923 0.676267 0.041538 0.195853
1 0.038462 0.627880 0.018462 0.066820
0 0.712308 0.149770 0.064615 0.129032
0 0.717692 0.039171 0.063077 0.073733
