0 0.277083 0.338050 0.141667 0.459119
0 0.852604 0.551101 0.101042 0.146226
1 0.016667 0.849057 0.031250 0.301887
1 0.071354 0.832547 0.090625 0.334906
1 0.207813 0.834119 0.121875 0.331761
1 0.339583 0.827830 0.060417 0.290881
1 0.459375 0.829403 0.052083 0.253145
1 0.508333 0.822327 0.058333 0.289308
1 0.603646 0.803459 0.042708 0.204403
1 0.569271 0.779874 0.028125 0.128931
1 0.542708 0.749214 0.025000 0.089623
1 0.415104 0.801101 0.038542 0.187107
1 0.381250 0.803459 0.033333 0.169811
1 0.660417 0.823899 0.045833 0.248428
1 0.849479 0.815252 0.090625 0.300314
1 0.966146 0.828616 0.067708 0.339623
1 0.730208 0.812107 0.043750 0.199686
1 0.693750 0.810535 0.037500 0.177673
1 0.633333 0.775943 0.025000 0.108491
1 0.754687 0.772013 0.028125 0.150943
1 0.768750 0.735063 0.018750 0.064465
1 0.813542 0.724057 0.018750 0.064465
0 0.773438 0.313679 0.063542 0.413522
