0 0.499000 0.453097 0.247333 0.838798
1 0.871333 0.632514 0.061333 0.175774
1 0.321000 0.582878 0.020667 0.100182
1 0.247333 0.584244 0.022667 0.101093
1 0.123000 0.598361 0.028667 0.094718
1 0.096000 0.573770 0.029333 0.094718
1 0.034000 0.571949 0.022667 0.049180
1 0.009667 0.576047 0.015333 0.048270
1 0.169333 0.565574 0.018667 0.054645
1 0.270333 0.571038 0.019333 0.065574
1 0.290667 0.569672 0.025333 0.059199
1 0.220667 0.568761 0.014667 0.046448
1 0.233667 0.570128 0.016667 0.052823
1 0.790333 0.550091 0.019333 0.056466
