1 0.051587 0.817647 0.101411 0.364706
1 0.148148 0.845588 0.086420 0.308824
1 0.040123 0.337500 0.078483 0.322059
1 0.175044 0.339706 0.082011 0.320588
0 0.059083 0.112500 0.063492 0.116176
0 0.161376 0.109559 0.065256 0.127941
0 0.266314 0.858824 0.082892 0.282353
0 0.346561 0.859559 0.072310 0.280882
0 0.434303 0.851471 0.082011 0.297059
0 0.530864 0.841176 0.091711 0.317647
1 0.623898 0.867647 0.066138 0.264706
1 0.693563 0.894853 0.067901 0.210294
1 0.753086 0.881618 0.082892 0.236765
0 0.888007 0.774265 0.063492 0.245588
1 0.890212 0.945588 0.050265 0.108824
1 0.953263 0.883088 0.052910 0.233824
0 0.742504 0.706618 0.093474 0.122059
0 0.968254 0.740441 0.049383 0.089706
1 0.625661 0.586029 0.022046 0.104412
1 0.598765 0.611029 0.024691 0.057353
1 0.652998 0.611765 0.022046 0.047059
1 0.679012 0.584559 0.021164 0.098529
1 0.702381 0.608824 0.022046 0.050000
1 0.726190 0.588235 0.016755 0.094118
1 0.746032 0.610294 0.021164 0.047059
1 0.766314 0.580147 0.022928 0.098529
1 0.787919 0.605882 0.018519 0.058824
1 0.839506 0.613235 0.019400 0.052941
1 0.895503 0.597059 0.020282 0.100000
1 0.918430 0.598529 0.020282 0.105882
1 0.943122 0.603676 0.027337 0.092647
1 0.923721 0.533824 0.078483 0.041176
0 0.594797 0.547059 0.023810 0.085294
0 0.626543 0.522794 0.023810 0.027941
0 0.652557 0.554412 0.026455 0.082353
0 0.678571 0.525735 0.025573 0.027941
0 0.702822 0.551471 0.022928 0.085294
0 0.725750 0.533824 0.022928 0.029412
0 0.746473 0.550735 0.020282 0.086765
0 0.766314 0.523529 0.022928 0.032353
0 0.787919 0.547794 0.022046 0.083824
0 0.810406 0.524265 0.021164 0.027941
0 0.835097 0.552206 0.028219 0.083824
1 0.440476 0.550000 0.157848 0.258824
1 0.611111 0.308824 0.068783 0.329412
1 0.695326 0.317647 0.080247 0.311765
0 0.657407 0.330882 0.154321 0.126471
0 0.873457 0.106618 0.043210 0.198529
0 0.793651 0.114706 0.061728 0.211765
0 0.973104 0.106618 0.052028 0.198529
1 0.832892 0.142647 0.034392 0.167647
1 0.916226 0.152206 0.038801 0.142647
0 0.591711 0.077206 0.086420 0.133824
0 0.676367 0.107353 0.075838 0.135294
0 0.734127 0.116176 0.043210 0.047059
1 0.401675 0.219118 0.067901 0.176471
0 0.394621 0.060294 0.090829 0.117647
0 0.458554 0.032353 0.065256 0.061765
0 0.169312 0.597059 0.074074 0.188235
1 0.098765 0.739706 0.029982 0.141176
0 0.793210 0.300000 0.034392 0.135294
0 0.820547 0.308088 0.032628 0.133824
0 0.854056 0.312500 0.036155 0.142647
0 0.893298 0.300735 0.037037 0.148529
0 0.930335 0.303676 0.037037 0.142647
0 0.965608 0.305882 0.037037 0.138235
1 0.796737 0.407353 0.032628 0.079412
1 0.826720 0.413971 0.027337 0.083824
1 0.855379 0.418382 0.029982 0.075000
1 0.886684 0.413971 0.030864 0.086765
1 0.924603 0.412500 0.032628 0.077941
1 0.960317 0.416912 0.031746 0.077941
0 0.436949 0.372059 0.094356 0.114706
1 0.532628 0.551471 0.029982 0.147059
1 0.244709 0.516912 0.018519 0.063235
1 0.225309 0.500000 0.013228 0.044118
1 0.276896 0.513971 0.015873 0.036765
1 0.805115 0.844853 0.017637 0.060294
