0 0.172500 0.256349 0.156667 0.509524
0 0.338333 0.292857 0.098333 0.426984
0 0.417500 0.321429 0.073333 0.373016
0 0.640000 0.294444 0.030000 0.195238
0 0.650417 0.449206 0.055833 0.149206
0 0.708333 0.261111 0.041667 0.169841
1 0.508333 0.921429 0.026667 0.138095
1 0.525000 0.907143 0.026667 0.131746
1 0.596250 0.806349 0.017500 0.123810
1 0.618333 0.806349 0.020000 0.130159
1 0.680000 0.864286 0.030000 0.147619
1 0.641667 0.969048 0.033333 0.061905
1 0.836667 0.746032 0.016667 0.101587
1 0.854167 0.754762 0.016667 0.096825
1 0.720000 0.777778 0.016667 0.101587
1 0.787500 0.676984 0.013333 0.071429
1 0.864167 0.657143 0.015000 0.085714
1 0.661250 0.779365 0.015833 0.142857
1 0.770000 0.691270 0.018333 0.144444
1 0.733333 0.683333 0.018333 0.090476
1 0.925417 0.623810 0.014167 0.050794
1 0.891667 0.684127 0.013333 0.098413
1 0.964583 0.639683 0.012500 0.085714
1 0.982500 0.647619 0.011667 0.079365
1 0.842917 0.650000 0.017500 0.077778
1 0.824583 0.668254 0.015833 0.073016
1 0.912083 0.642857 0.012500 0.069841
1 0.880000 0.599206 0.011667 0.049206
