1 0.057761 0.605778 0.114336 0.704889
1 0.100711 0.388444 0.088863 0.277333
1 0.225415 0.498667 0.141588 0.503111
1 0.441055 0.556444 0.132109 0.615111
1 0.625296 0.516444 0.148697 0.707556
1 0.728377 0.486667 0.091825 0.505778
1 0.869964 0.700444 0.140403 0.453333
1 0.947275 0.391111 0.105450 0.403556
1 0.811611 0.439556 0.085308 0.464889
1 0.546801 0.337333 0.041469 0.187556
1 0.348934 0.413778 0.069905 0.376000
1 0.036730 0.288889 0.046209 0.113778
1 0.125592 0.282667 0.039100 0.099556
1 0.261256 0.317333 0.054502 0.206222
1 0.514810 0.343111 0.041469 0.193778
1 0.488448 0.372444 0.050355 0.229333
1 0.757998 0.274667 0.014810 0.042667
1 0.893365 0.225778 0.016588 0.037333
1 0.864929 0.242667 0.017773 0.053333
1 0.306576 0.327111 0.036137 0.181333
1 0.057761 0.273333 0.027844 0.077333
