1 0.165000 0.628871 0.031333 0.124875
1 0.207667 0.633367 0.038000 0.115884
1 0.283000 0.697303 0.035333 0.071928
1 0.304333 0.757243 0.031333 0.111888
1 0.338667 0.771229 0.048000 0.131868
1 0.295000 0.597902 0.047333 0.124875
1 0.518000 0.552448 0.050667 0.139860
1 0.390333 0.603397 0.027333 0.081918
1 0.422667 0.691309 0.046667 0.137862
1 0.395333 0.692308 0.030667 0.141858
1 0.525000 0.339660 0.046000 0.123876
1 0.613333 0.187812 0.049333 0.125874
1 0.742333 0.473027 0.044667 0.124875
1 0.761000 0.402597 0.039333 0.101898
1 0.609000 0.541459 0.043333 0.137862
1 0.624000 0.469530 0.049333 0.099900
1 0.981000 0.220779 0.038000 0.119880
1 0.927000 0.160340 0.034000 0.128871
1 0.430333 0.519481 0.031333 0.093906
1 0.861667 0.210789 0.047333 0.143856
