1 0.100751 0.307165 0.033888 0.174085
1 0.179586 0.420579 0.125406 0.511890
1 0.196631 0.243598 0.036120 0.107927
1 0.238332 0.345884 0.080560 0.305793
1 0.251015 0.251829 0.045049 0.148171
1 0.309659 0.362805 0.107143 0.424390
1 0.320515 0.205030 0.016031 0.043598
1 0.353490 0.324695 0.054383 0.282927
1 0.376319 0.322409 0.059456 0.257012
1 0.442675 0.252287 0.031047 0.077134
1 0.479606 0.358384 0.096388 0.307012
1 0.510045 0.294207 0.048498 0.193902
1 0.518466 0.256098 0.023133 0.104268
1 0.565848 0.313262 0.052963 0.188110
1 0.616274 0.294207 0.030438 0.148171
1 0.630377 0.296341 0.032670 0.159146
1 0.650568 0.342683 0.074675 0.257927
1 0.635450 0.249543 0.018060 0.069817
1 0.683644 0.256098 0.040584 0.095732
1 0.718040 0.323018 0.045657 0.216768
1 0.748174 0.318140 0.073864 0.254573
1 0.808746 0.324238 0.045657 0.160061
1 0.841213 0.322561 0.052963 0.191463
1 0.867390 0.311585 0.042817 0.163415
1 0.931514 0.314939 0.053774 0.182927
