1 0.163477 0.592640 0.125391 0.516462
1 0.053320 0.554551 0.055859 0.250484
1 0.216211 0.560684 0.041797 0.265332
1 0.294531 0.578115 0.075781 0.390575
1 0.372266 0.602647 0.091406 0.464170
1 0.091797 0.517753 0.017969 0.094254
1 0.021484 0.505487 0.028125 0.081343
1 0.115430 0.510006 0.018359 0.068431
1 0.336133 0.432214 0.031641 0.085862
1 0.433984 0.574241 0.053125 0.351840
1 0.496289 0.569722 0.091797 0.462879
1 0.638086 0.571336 0.120703 0.613299
1 0.570312 0.555520 0.037500 0.357005
1 0.555273 0.448354 0.022266 0.047127
1 0.685156 0.494513 0.034375 0.228535
1 0.700000 0.460620 0.028906 0.118141
1 0.740430 0.490316 0.037109 0.158167
1 0.781055 0.587153 0.071484 0.407360
1 0.837109 0.612331 0.044531 0.313105
1 0.898633 0.537444 0.042578 0.124597
1 0.949609 0.578760 0.053906 0.310523
