1 0.016535 0.669847 0.029921 0.339695
1 0.085039 0.666031 0.056693 0.408397
1 0.047244 0.559160 0.025197 0.141221
1 0.063780 0.538168 0.020472 0.114504
1 0.114961 0.666031 0.059843 0.354962
1 0.191339 0.667939 0.070866 0.404580
1 0.257480 0.562977 0.026772 0.209924
1 0.288976 0.654580 0.067717 0.377863
1 0.310236 0.648855 0.050394 0.343511
1 0.340157 0.629771 0.037795 0.267176
1 0.385827 0.671756 0.069291 0.351145
1 0.434646 0.646947 0.044094 0.354962
1 0.549606 0.637405 0.062992 0.351145
1 0.627559 0.650763 0.055118 0.370229
1 0.609449 0.637405 0.031496 0.320611
1 0.688976 0.662214 0.083465 0.431298
1 0.765354 0.645038 0.050394 0.320611
1 0.742520 0.627863 0.042520 0.362595
1 0.909449 0.669847 0.080315 0.370229
1 0.924409 0.667939 0.037795 0.343511
1 0.957480 0.652672 0.053543 0.320611
1 0.822047 0.549618 0.022047 0.145038
1 0.793701 0.534351 0.018898 0.129771
1 0.848031 0.708015 0.042520 0.255725
