1 0.055417 0.417407 0.047500 0.286667
1 0.085417 0.419259 0.020833 0.185185
1 0.106458 0.441111 0.033750 0.212593
1 0.125208 0.433333 0.042917 0.240000
1 0.180833 0.439259 0.097500 0.336296
1 0.218125 0.437407 0.053750 0.258519
1 0.267917 0.432593 0.052500 0.198519
1 0.334792 0.434444 0.071250 0.347407
1 0.383958 0.442593 0.056250 0.300000
1 0.927917 0.485926 0.090833 0.379259
1 0.834375 0.456667 0.091250 0.372593
1 0.617708 0.572222 0.245417 0.855556
1 0.503333 0.315185 0.141667 0.405185
1 0.750000 0.433333 0.030000 0.278519
1 0.797708 0.454815 0.027083 0.247407
1 0.881042 0.322963 0.017083 0.066667
1 0.899167 0.336296 0.016667 0.037037
1 0.990833 0.369259 0.018333 0.088148
1 0.968958 0.371481 0.022083 0.058519
1 0.719375 0.310370 0.036250 0.091852
1 0.721042 0.309259 0.015417 0.034815
1 0.470625 0.395556 0.036250 0.117037
1 0.452292 0.387037 0.031250 0.107407
1 0.496667 0.370370 0.020833 0.069630
0 0.115625 0.254444 0.074583 0.126667
