1 0.067750 0.659415 0.100500 0.354089
1 0.135000 0.664291 0.079000 0.330833
1 0.275750 0.646662 0.110500 0.325581
1 0.336500 0.636909 0.082000 0.300075
1 0.457750 0.626782 0.099500 0.354839
1 0.531000 0.655664 0.063000 0.301575
1 0.585000 0.673293 0.069000 0.311328
1 0.660000 0.669167 0.118000 0.330083
1 0.672500 0.511253 0.034000 0.081770
1 0.728000 0.647412 0.065000 0.304576
1 0.748250 0.540135 0.035500 0.130533
1 0.827500 0.669167 0.074000 0.355589
1 0.874250 0.659415 0.050500 0.360090
1 0.920250 0.647787 0.071500 0.335334
1 0.941000 0.624906 0.051000 0.295574
1 0.972750 0.677419 0.054500 0.321080
0 0.362750 0.177044 0.050500 0.160540
1 0.084750 0.481995 0.031500 0.110278
1 0.222500 0.461740 0.026000 0.075769
1 0.351500 0.445986 0.018000 0.081770
1 0.368250 0.440735 0.018500 0.077269
1 0.401500 0.443736 0.018000 0.053263
1 0.407500 0.424231 0.014000 0.060765
1 0.419250 0.436234 0.013500 0.083271
1 0.473750 0.423106 0.015500 0.078020
1 0.546000 0.436234 0.016000 0.042761
1 0.533000 0.426482 0.010000 0.050263
1 0.511000 0.421980 0.019000 0.059265
1 0.386250 0.420480 0.013500 0.047262
1 0.810750 0.428732 0.019500 0.068267
1 0.446750 0.436984 0.017500 0.080270
1 0.241000 0.454614 0.019000 0.064516
1 0.566000 0.429107 0.017000 0.045011
