1 0.245349 0.750000 0.069767 0.489848
1 0.311628 0.767766 0.072093 0.449239
1 0.420349 0.697970 0.061628 0.385787
1 0.472093 0.691624 0.048837 0.352792
1 0.509884 0.700508 0.052326 0.345178
1 0.689535 0.653553 0.044186 0.276650
1 0.732558 0.667513 0.041860 0.248731
1 0.769767 0.640863 0.032558 0.215736
1 0.742442 0.552030 0.019767 0.068528
1 0.798837 0.659898 0.055814 0.274112
1 0.834884 0.606599 0.030233 0.187817
1 0.933721 0.607868 0.034884 0.159898
1 0.983721 0.604061 0.032558 0.192893
1 0.870930 0.637056 0.051163 0.197970
1 0.884884 0.567259 0.027907 0.093909
