0 0.897656 0.485769 0.182812 0.143846
1 0.241667 0.732692 0.071875 0.323846
1 0.308333 0.743077 0.053125 0.284615
1 0.358854 0.726923 0.043750 0.301538
1 0.413542 0.746538 0.060417 0.271538
1 0.597917 0.719615 0.069792 0.310000
1 0.656250 0.755000 0.050000 0.233077
1 0.807031 0.741923 0.090104 0.266923
1 0.974740 0.720769 0.050521 0.273846
1 0.017969 0.760000 0.034896 0.266154
1 0.623958 0.604231 0.015625 0.066923
1 0.641406 0.606923 0.016146 0.075385
1 0.666406 0.613846 0.018229 0.089231
1 0.685937 0.614615 0.020833 0.087692
1 0.713021 0.617308 0.025000 0.090000
