1 0.115234 0.563008 0.180990 0.552846
1 0.711589 0.680894 0.139323 0.577236
1 0.513672 0.529472 0.100260 0.432927
1 0.289062 0.466463 0.088542 0.384146
1 0.881510 0.418699 0.083333 0.321138
1 0.811849 0.341463 0.050781 0.178862
1 0.936198 0.334350 0.033854 0.160569
1 0.395833 0.471545 0.080729 0.382114
1 0.591797 0.439024 0.066406 0.361789
1 0.648438 0.398374 0.046875 0.260163
1 0.726562 0.344512 0.067708 0.160569
1 0.690104 0.321138 0.031250 0.150407
1 0.485026 0.290650 0.029948 0.093496
1 0.257161 0.289634 0.048177 0.111789
1 0.192708 0.349593 0.052083 0.186992
1 0.545573 0.289634 0.028646 0.115854
1 0.467448 0.269309 0.023438 0.054878
1 0.448568 0.438008 0.061198 0.335366
1 0.399740 0.272358 0.065104 0.077236
1 0.376302 0.255081 0.026042 0.050813
