1 0.051282 0.391250 0.020893 0.207500
1 0.076923 0.387500 0.028490 0.205000
1 0.119183 0.381250 0.031339 0.222500
1 0.163818 0.400000 0.018044 0.170000
1 0.176163 0.396250 0.019943 0.192500
1 0.192783 0.393750 0.020893 0.187500
1 0.037037 0.366250 0.018993 0.182500
1 0.153846 0.383750 0.013295 0.167500
1 0.146724 0.328750 0.014245 0.107500
1 0.256885 0.540000 0.122507 0.600000
1 0.367521 0.530000 0.112061 0.555000
1 0.571700 0.391250 0.022792 0.152500
1 0.590218 0.388750 0.023742 0.132500
1 0.609212 0.506250 0.094017 0.632500
1 0.698955 0.555000 0.123457 0.640000
1 0.531814 0.410000 0.013295 0.100000
1 0.520893 0.407500 0.016144 0.105000
1 0.749288 0.393750 0.028490 0.177500
1 0.777778 0.373750 0.032289 0.207500
1 0.952991 0.503750 0.075024 0.557500
1 0.987179 0.527500 0.025641 0.550000
