1 0.042544 0.698000 0.083333 0.604000
1 0.138158 0.670000 0.100877 0.504000
1 0.170175 0.524000 0.050877 0.260000
1 0.237719 0.666000 0.091228 0.668000
1 0.354386 0.714000 0.110526 0.572000
1 0.441228 0.691000 0.085965 0.498000
1 0.509211 0.719000 0.076316 0.562000
1 0.562719 0.680000 0.057018 0.452000
1 0.607456 0.731000 0.113158 0.538000
1 0.697368 0.730000 0.119298 0.540000
1 0.785526 0.711000 0.125439 0.578000
1 0.903509 0.495000 0.040351 0.202000
1 0.757456 0.474000 0.046491 0.184000
1 0.660965 0.570000 0.037719 0.308000
1 0.685526 0.448000 0.025439 0.100000
1 0.620175 0.441000 0.040351 0.186000
1 0.577193 0.427000 0.043860 0.110000
1 0.265789 0.412000 0.017544 0.068000
1 0.305702 0.561000 0.058772 0.402000
1 0.014912 0.224000 0.024561 0.164000
1 0.038158 0.193000 0.020175 0.198000
1 0.057456 0.174000 0.021930 0.184000
1 0.089035 0.201000 0.030702 0.194000
1 0.103947 0.106000 0.014912 0.096000
1 0.086404 0.094000 0.013158 0.032000
1 0.077632 0.442000 0.030702 0.248000
1 0.018421 0.428000 0.022807 0.132000
1 0.102193 0.471000 0.028947 0.222000
1 0.133333 0.368000 0.033333 0.096000
1 0.207456 0.386000 0.028947 0.112000
1 0.181140 0.439000 0.035965 0.234000
1 0.412719 0.476000 0.028947 0.180000
1 0.433333 0.432000 0.019298 0.112000
1 0.499123 0.446000 0.033333 0.124000
1 0.572368 0.370000 0.021930 0.056000
1 0.126316 0.247000 0.031579 0.150000
1 0.389912 0.035000 0.016667 0.066000
