1 0.104275 0.605634 0.072993 0.284820
1 0.147550 0.593114 0.065693 0.297340
1 0.241397 0.639280 0.142857 0.402191
1 0.342023 0.616588 0.108446 0.275430
1 0.385819 0.554773 0.060480 0.186228
1 0.497393 0.584507 0.062565 0.242567
1 0.565172 0.588419 0.052138 0.247261
1 0.598019 0.620501 0.094891 0.280125
1 0.672054 0.613459 0.101147 0.400626
1 0.784672 0.655712 0.090719 0.403756
1 0.875912 0.607199 0.087591 0.259781
1 0.921794 0.615806 0.118874 0.270736
1 0.888425 0.506260 0.031283 0.067293
1 0.392596 0.480438 0.023983 0.050078
