1 0.015385 0.830000 0.029231 0.284000
1 0.018077 0.514000 0.034615 0.264000
1 0.055000 0.725000 0.046923 0.270000
1 0.095000 0.903000 0.054615 0.194000
1 0.050000 0.959000 0.027692 0.082000
1 0.178077 0.923000 0.036154 0.154000
1 0.260000 0.765000 0.047692 0.290000
1 0.136923 0.521000 0.060000 0.342000
1 0.378077 0.870000 0.060769 0.260000
1 0.465385 0.929000 0.058462 0.142000
1 0.296923 0.341000 0.073846 0.286000
1 0.292308 0.543000 0.046154 0.306000
1 0.377692 0.254000 0.050769 0.336000
1 0.400385 0.423000 0.057692 0.270000
1 0.264231 0.112000 0.048462 0.220000
1 0.303846 0.155000 0.061538 0.142000
1 0.944231 0.777000 0.046923 0.294000
1 0.975769 0.626000 0.042308 0.260000
1 0.869615 0.209000 0.062308 0.302000
1 0.854231 0.047000 0.057692 0.090000
1 0.708846 0.335000 0.043846 0.254000
1 0.692308 0.204000 0.052308 0.260000
1 0.661923 0.889000 0.051538 0.222000
1 0.691923 0.874000 0.030000 0.252000
1 0.621154 0.722000 0.071538 0.248000
1 0.558846 0.654000 0.068462 0.260000
1 0.610385 0.434000 0.062308 0.256000
1 0.588462 0.274000 0.056923 0.248000
1 0.513462 0.398000 0.062308 0.300000
1 0.516154 0.205000 0.055385 0.262000
1 0.543462 0.078000 0.037692 0.152000
1 0.393077 0.085000 0.043077 0.166000
