1 0.077917 0.598835 0.108056 0.386184
1 0.144028 0.560341 0.046944 0.311694
1 0.611528 0.614856 0.114167 0.435705
1 0.268333 0.526217 0.043333 0.142738
1 0.308889 0.523096 0.037778 0.151477
1 0.381667 0.533708 0.040556 0.176862
1 0.353472 0.528298 0.034167 0.183521
1 0.882083 0.690595 0.142500 0.618810
1 0.546528 0.558261 0.048611 0.217645
1 0.715000 0.528922 0.058889 0.229713
1 0.754861 0.543487 0.040833 0.181440
1 0.919444 0.566792 0.050556 0.272992
1 0.798611 0.495422 0.015556 0.070329
1 0.957500 0.553475 0.040000 0.199750
1 0.767778 0.473991 0.012222 0.036621
1 0.781528 0.478985 0.011389 0.041615
