1 0.048340 0.474409 0.095703 0.555118
1 0.146240 0.494488 0.118652 0.540157
1 0.136963 0.196063 0.044434 0.078740
1 0.230713 0.431496 0.101074 0.401575
1 0.321533 0.459055 0.102051 0.505512
1 0.426758 0.572047 0.161133 0.783465
1 0.521973 0.505118 0.081055 0.528346
1 0.637451 0.451181 0.128418 0.507087
1 0.950439 0.460630 0.099121 0.722835
1 0.891113 0.352362 0.058594 0.314173
1 0.727295 0.242913 0.035645 0.148819
1 0.358643 0.245276 0.051270 0.192913
1 0.562500 0.244488 0.034180 0.151969
1 0.630127 0.190157 0.061035 0.142520
1 0.906006 0.188189 0.022949 0.061417
1 0.931396 0.212205 0.021973 0.057480
1 0.267822 0.216142 0.019043 0.120472
1 0.480225 0.222835 0.018066 0.113386
1 0.512695 0.202362 0.025391 0.078740
