1 0.916016 0.778646 0.061523 0.354167
1 0.807373 0.739583 0.058105 0.248698
1 0.721191 0.752279 0.075195 0.270182
1 0.614258 0.748372 0.079102 0.275391
1 0.546631 0.727865 0.059082 0.255208
1 0.483154 0.733724 0.069824 0.260417
1 0.300049 0.699544 0.051270 0.188151
1 0.200928 0.706055 0.054199 0.192057
1 0.104492 0.703451 0.051758 0.186849
1 0.043701 0.703776 0.034668 0.156250
1 0.395752 0.667969 0.027832 0.131510
1 0.365479 0.666667 0.040527 0.136719
1 0.255371 0.686198 0.038086 0.139323
1 0.422119 0.637695 0.018066 0.097005
1 0.775635 0.692057 0.028809 0.179688
1 0.756104 0.640299 0.020020 0.052734
1 0.697510 0.631836 0.024902 0.054036
1 0.679199 0.652669 0.026367 0.081380
1 0.865723 0.624349 0.029297 0.075521
1 0.731689 0.608724 0.011230 0.029948
1 0.319824 0.622721 0.018555 0.068359
1 0.243652 0.597656 0.021484 0.037760
1 0.157959 0.657552 0.024902 0.118490
1 0.011963 0.709635 0.022949 0.192708
1 0.809326 0.568685 0.016113 0.046224
1 0.820068 0.573568 0.012207 0.042969
1 0.832031 0.575195 0.013672 0.039714
1 0.959473 0.652995 0.036133 0.084635
1 0.701660 0.562500 0.019531 0.065104
1 0.686035 0.574219 0.017578 0.065104
1 0.672852 0.578451 0.018555 0.056641
1 0.653320 0.740560 0.047852 0.242839
1 0.568115 0.626302 0.020020 0.041667
1 0.584229 0.637695 0.016113 0.057943
1 0.396484 0.597005 0.013672 0.040365
1 0.440674 0.594401 0.010254 0.037760
1 0.491943 0.588867 0.012207 0.026693
1 0.555664 0.588542 0.009766 0.023438
1 0.521240 0.581055 0.011230 0.021484
1 0.536865 0.583659 0.010254 0.024089
1 0.579590 0.575846 0.010742 0.027995
1 0.460205 0.630208 0.028809 0.070312
1 0.558350 0.560221 0.012207 0.022786
