1 0.815532 0.906250 0.051772 0.187500
1 0.897854 0.900808 0.044310 0.194171
1 0.936917 0.975948 0.026353 0.048104
1 0.408232 0.971032 0.047341 0.057935
1 0.063083 0.962781 0.065532 0.074438
1 0.162197 0.918890 0.045009 0.162219
1 0.251049 0.914501 0.052472 0.170997
1 0.302822 0.876756 0.045009 0.189607
1 0.357859 0.854284 0.037080 0.186798
1 0.419426 0.872367 0.039412 0.172402
1 0.709771 0.837254 0.045942 0.198385
1 0.804221 0.715941 0.031950 0.155899
1 0.274021 0.758427 0.037313 0.132725
1 0.215019 0.701369 0.037313 0.139396
1 0.746269 0.637465 0.028451 0.139396
1 0.608209 0.687500 0.034981 0.144663
1 0.666511 0.655021 0.027519 0.141503
1 0.684002 0.602879 0.027519 0.087781
1 0.664646 0.549684 0.025653 0.071278
1 0.605294 0.588308 0.027752 0.086728
1 0.568447 0.591468 0.031483 0.123947
1 0.530900 0.606742 0.027752 0.132725
1 0.431786 0.690309 0.031950 0.143961
1 0.455107 0.618504 0.027752 0.112008
1 0.382696 0.650281 0.028451 0.138343
1 0.328708 0.703476 0.037080 0.143610
1 0.348647 0.665028 0.023321 0.115169
1 0.612174 0.443820 0.020989 0.087781
1 0.581623 0.451018 0.015392 0.075492
1 0.240438 0.623420 0.029851 0.121840
1 0.283815 0.596910 0.021922 0.099719
1 0.258745 0.574965 0.021222 0.102177
1 0.264226 0.512992 0.026119 0.048455
1 0.329757 0.568996 0.021922 0.114115
1 0.349464 0.532654 0.024953 0.105337
1 0.408932 0.563553 0.022621 0.120787
1 0.335005 0.484024 0.017491 0.051615
1 0.373951 0.468048 0.021222 0.087781
1 0.455574 0.483848 0.021222 0.080056
1 0.434352 0.489993 0.021222 0.085323
1 0.417677 0.468574 0.016791 0.082514
1 0.399487 0.470154 0.016791 0.070225
1 0.349114 0.460323 0.016791 0.056882
1 0.329408 0.426440 0.022621 0.065660
1 0.544893 0.403441 0.017491 0.068118
1 0.561917 0.402388 0.016558 0.070225
1 0.573927 0.375351 0.014459 0.058287
1 0.514576 0.367802 0.012360 0.053722
1 0.477029 0.449438 0.014692 0.085674
1 0.456623 0.426440 0.019123 0.030548
1 0.441698 0.432409 0.013993 0.034059
1 0.443097 0.407654 0.015392 0.030899
1 0.538596 0.358848 0.010961 0.038624
1 0.527635 0.331461 0.013759 0.047051
1 0.565998 0.307935 0.010261 0.035112
1 0.549907 0.323209 0.011660 0.041784
1 0.512010 0.317065 0.010028 0.044944
1 0.449394 0.372542 0.011660 0.035112
1 0.481693 0.391854 0.013759 0.042837
1 0.346898 0.391854 0.013759 0.042837
1 0.363689 0.394136 0.012360 0.053722
1 0.376399 0.395014 0.014459 0.056180
1 0.412896 0.389572 0.014692 0.047402
1 0.427122 0.383076 0.013759 0.058287
1 0.412080 0.386938 0.013060 0.048455
1 0.387360 0.347261 0.011660 0.033006
1 0.397971 0.378160 0.010961 0.050562
1 0.401586 0.336376 0.007929 0.019663
1 0.412430 0.335850 0.010961 0.031952
1 0.425606 0.324965 0.009328 0.034059
1 0.474114 0.339712 0.010261 0.026334
1 0.456973 0.337956 0.010961 0.031952
1 0.533815 0.272647 0.008862 0.024228
1 0.546525 0.263343 0.010961 0.029494
1 0.513410 0.270014 0.008629 0.018961
1 0.510961 0.248596 0.006530 0.015449
1 0.481693 0.280899 0.009562 0.023174
1 0.466768 0.282128 0.004431 0.020716
1 0.492771 0.268961 0.006530 0.023174
1 0.470849 0.249824 0.007929 0.010885
1 0.408116 0.298455 0.007929 0.023174
1 0.443097 0.290906 0.005131 0.018610
1 0.439832 0.327072 0.011660 0.040379
1 0.434468 0.261763 0.005131 0.024228
1 0.442397 0.258427 0.007929 0.017556
