1 0.035572 0.553659 0.066489 0.565809
1 0.105053 0.558866 0.120346 0.578536
1 0.210106 0.537460 0.125665 0.595892
1 0.342420 0.521840 0.121676 0.641018
1 0.463431 0.580272 0.121676 0.653746
1 0.564827 0.567544 0.082447 0.632919
1 0.644614 0.588950 0.102394 0.652589
1 0.762633 0.587214 0.129654 0.586636
1 0.715426 0.321088 0.076463 0.177032
1 0.933012 0.566966 0.133976 0.684987
1 0.855718 0.578536 0.077793 0.562337
1 0.984541 0.304889 0.030918 0.096037
1 0.522274 0.359850 0.047872 0.120336
1 0.258644 0.323402 0.059176 0.174718
1 0.128324 0.260341 0.041888 0.101822
1 0.419880 0.329187 0.027926 0.072896
1 0.148936 0.332080 0.027261 0.071739
1 0.448138 0.260341 0.045878 0.087938
