1 0.189286 0.581429 0.148571 0.685714
1 0.280714 0.637143 0.061429 0.534286
1 0.166071 0.347857 0.016429 0.052857
1 0.427143 0.679286 0.092857 0.641429
1 0.462857 0.418571 0.037143 0.117143
1 0.508214 0.579286 0.062143 0.498571
1 0.565000 0.622857 0.121429 0.597143
1 0.655714 0.638571 0.082857 0.562857
1 0.615357 0.417143 0.020714 0.080000
1 0.752143 0.632857 0.077143 0.445714
1 0.854643 0.692857 0.117857 0.614286
1 0.966071 0.632143 0.067857 0.590000
1 0.895000 0.504286 0.050000 0.222857
1 0.890714 0.394286 0.018571 0.048571
1 0.911071 0.460000 0.026429 0.137143
1 0.825714 0.371429 0.042857 0.097143
1 0.849286 0.383571 0.022857 0.052857
1 0.790357 0.429286 0.029286 0.118571
1 0.807857 0.525714 0.052857 0.208571
1 0.748214 0.411429 0.019286 0.042857
1 0.777143 0.401429 0.014286 0.037143
1 0.716429 0.525000 0.041429 0.281429
1 0.683214 0.437143 0.049286 0.151429
0 0.775357 0.365714 0.102143 0.068571
0 0.118571 0.061429 0.112857 0.120000
