1 0.044010 0.700701 0.050521 0.294622
1 0.097656 0.751364 0.086979 0.336711
1 0.092969 0.569758 0.039062 0.056118
1 0.167708 0.729540 0.096875 0.367888
1 0.193750 0.668355 0.052083 0.245518
1 0.230208 0.666017 0.044792 0.225253
1 0.786979 0.621980 0.028125 0.159002
1 0.763021 0.610678 0.029167 0.137958
1 0.443750 0.697584 0.073958 0.283710
1 0.509375 0.684723 0.066667 0.267342
1 0.379948 0.607560 0.038021 0.175370
1 0.268490 0.602494 0.050521 0.166797
1 0.293229 0.583009 0.035417 0.121590
1 0.341406 0.588465 0.026562 0.127825
1 0.615365 0.602884 0.029687 0.148870
1 0.644271 0.594310 0.034375 0.109899
1 0.809896 0.579501 0.022917 0.108340
1 0.730208 0.559236 0.017708 0.080281
1 0.714063 0.554949 0.013542 0.067030
1 0.699219 0.562354 0.017188 0.067810
1 0.701823 0.533125 0.010937 0.040530
1 0.658854 0.570148 0.012500 0.075604
1 0.646615 0.531956 0.010937 0.030398
1 0.634115 0.547155 0.014063 0.063913
1 0.589323 0.585347 0.018229 0.099766
1 0.563021 0.549493 0.015625 0.073266
1 0.535677 0.586126 0.021354 0.129384
1 0.517708 0.553390 0.016667 0.053001
1 0.495833 0.538581 0.010417 0.028059
1 0.476042 0.550273 0.011458 0.045207
1 0.460417 0.565082 0.016667 0.059236
1 0.425781 0.583398 0.017188 0.102104
1 0.460417 0.535074 0.010417 0.030398
1 0.444792 0.528449 0.010417 0.020265
1 0.097396 0.540140 0.021875 0.054560
1 0.204167 0.535074 0.015625 0.036633
1 0.230208 0.548714 0.017708 0.057677
1 0.253646 0.538581 0.012500 0.029618
1 0.364063 0.544037 0.017708 0.048324
1 0.396354 0.586516 0.012500 0.119252
