1 0.045669 0.755486 0.075591 0.257053
1 0.012598 0.730408 0.022047 0.194357
1 0.096063 0.735110 0.037795 0.216301
1 0.061417 0.719436 0.031496 0.159875
1 0.136220 0.713166 0.042520 0.210031
1 0.173228 0.700627 0.018898 0.128527
1 0.185827 0.713166 0.015748 0.166144
1 0.213386 0.757053 0.061417 0.228840
1 0.197638 0.708464 0.014173 0.188088
1 0.324409 0.755486 0.062992 0.225705
1 0.362992 0.713166 0.026772 0.210031
1 0.392126 0.721003 0.028346 0.194357
1 0.460630 0.705329 0.039370 0.188088
1 0.533858 0.711599 0.044094 0.163009
1 0.608661 0.746082 0.051969 0.213166
1 0.695276 0.727273 0.039370 0.219436
1 0.722047 0.716301 0.026772 0.216301
1 0.751969 0.733542 0.051969 0.231975
1 0.859055 0.713166 0.039370 0.178683
1 0.800787 0.647335 0.020472 0.084639
1 0.924409 0.673981 0.025197 0.137931
1 0.822835 0.656740 0.014173 0.084639
