1 0.250000 0.821500 0.146667 0.357000
1 0.047667 0.878000 0.094000 0.244000
1 0.141000 0.523000 0.074000 0.260000
1 0.182000 0.466000 0.041333 0.212000
1 0.220333 0.562500 0.066000 0.203000
1 0.250333 0.530000 0.051333 0.202000
1 0.117333 0.342000 0.040000 0.112000
1 0.085000 0.291000 0.026000 0.096000
1 0.099333 0.263000 0.021333 0.070000
1 0.105000 0.219000 0.010000 0.036000
1 0.118333 0.249000 0.018000 0.074000
1 0.149000 0.246000 0.020667 0.072000
1 0.038667 0.285500 0.034667 0.103000
1 0.020667 0.277500 0.017333 0.091000
1 0.008000 0.263500 0.012000 0.083000
1 0.200667 0.321500 0.034667 0.119000
1 0.240667 0.310500 0.028000 0.109000
1 0.250333 0.273500 0.018000 0.039000
1 0.262000 0.360500 0.037333 0.155000
1 0.361667 0.307000 0.031333 0.110000
1 0.327333 0.518500 0.045333 0.223000
1 0.387000 0.467000 0.036667 0.186000
1 0.423000 0.505000 0.056667 0.200000
1 0.431333 0.391000 0.029333 0.114000
1 0.848000 0.519000 0.053333 0.242000
1 0.684333 0.586500 0.059333 0.285000
1 0.748667 0.491000 0.044000 0.238000
1 0.683000 0.412000 0.042000 0.110000
1 0.691000 0.354500 0.032667 0.061000
1 0.710333 0.370500 0.028667 0.103000
1 0.443000 0.348500 0.030000 0.081000
1 0.433333 0.296500 0.024000 0.033000
1 0.478667 0.449000 0.044000 0.190000
1 0.485667 0.335000 0.028667 0.102000
1 0.510667 0.344000 0.024000 0.106000
1 0.523667 0.419000 0.038000 0.106000
1 0.529667 0.518000 0.038000 0.202000
1 0.561667 0.557000 0.031333 0.150000
1 0.558667 0.387500 0.030667 0.053000
1 0.590333 0.497000 0.040667 0.194000
1 0.625333 0.509500 0.038667 0.223000
1 0.593667 0.323500 0.028667 0.121000
1 0.615333 0.362000 0.017333 0.070000
1 0.632667 0.375000 0.026667 0.084000
1 0.645333 0.306000 0.010667 0.068000
1 0.674000 0.275500 0.017333 0.035000
1 0.678667 0.322500 0.018667 0.069000
1 0.760000 0.327000 0.024000 0.108000
1 0.779000 0.362500 0.019333 0.119000
1 0.802667 0.382000 0.033333 0.170000
1 0.857000 0.311000 0.032667 0.114000
1 0.854333 0.243500 0.020667 0.047000
1 0.981000 0.462500 0.038000 0.213000
1 0.923333 0.348000 0.032000 0.140000
1 0.894000 0.262000 0.028000 0.086000
1 0.926000 0.241000 0.022667 0.076000
1 0.955000 0.298500 0.023333 0.125000
1 0.993000 0.306500 0.014000 0.093000
1 0.976333 0.259500 0.019333 0.103000
1 0.943333 0.215500 0.012000 0.035000
1 0.972000 0.159000 0.010667 0.036000
1 0.810667 0.169000 0.008000 0.024000
1 0.837667 0.160500 0.008667 0.017000
1 0.945000 0.163000 0.011333 0.042000
1 0.890000 0.162000 0.010667 0.046000
1 0.883333 0.159000 0.009333 0.042000
