1 0.054036 0.562500 0.048177 0.259259
1 0.164714 0.598380 0.115885 0.553241
1 0.212240 0.569444 0.044271 0.268519
1 0.089193 0.524306 0.019531 0.099537
1 0.110677 0.516204 0.013021 0.078704
1 0.020833 0.503472 0.020833 0.067130
1 0.290365 0.585648 0.075521 0.425926
1 0.371094 0.601852 0.085938 0.490741
1 0.495443 0.572917 0.092448 0.493056
1 0.631510 0.575231 0.106771 0.659722
1 0.776693 0.594907 0.079427 0.439815
1 0.837240 0.622685 0.039062 0.328704
1 0.947917 0.584491 0.049479 0.326389
1 0.898438 0.569444 0.039062 0.194444
1 0.569010 0.581019 0.036458 0.337963
1 0.430990 0.582176 0.054688 0.381944
1 0.333333 0.427083 0.023438 0.099537
