1 0.117188 0.907494 0.034375 0.100703
1 0.092969 0.893443 0.020313 0.072600
1 0.334375 0.840749 0.037500 0.117096
1 0.581250 0.867681 0.037500 0.119438
1 0.860938 0.925059 0.034375 0.117096
1 0.918750 0.882904 0.025000 0.107728
1 0.962500 0.878220 0.028125 0.093677
1 0.848437 0.770492 0.025000 0.093677
1 0.826562 0.872365 0.031250 0.114754
1 0.885938 0.868852 0.018750 0.117096
1 0.927344 0.818501 0.020313 0.058548
1 0.610156 0.766979 0.023438 0.105386
1 0.668750 0.754098 0.028125 0.093677
1 0.800000 0.744731 0.028125 0.107728
1 0.821875 0.690867 0.015625 0.093677
1 0.401562 0.736534 0.018750 0.086651
1 0.489063 0.658080 0.028125 0.070258
1 0.754687 0.686183 0.031250 0.065574
1 0.783594 0.625293 0.020313 0.065574
1 0.740625 0.619438 0.031250 0.077283
1 0.714844 0.687354 0.026562 0.049180
1 0.607812 0.675644 0.025000 0.067916
1 0.467187 0.570258 0.025000 0.063232
1 0.567187 0.627635 0.018750 0.112412
1 0.572656 0.550351 0.014063 0.042155
1 0.415625 0.658080 0.025000 0.088993
1 0.379688 0.722482 0.025000 0.100703
1 0.414062 0.578454 0.025000 0.065574
1 0.389062 0.604215 0.015625 0.098361
1 0.171094 0.771663 0.023438 0.100703
1 0.146094 0.709602 0.023438 0.103044
1 0.183594 0.546838 0.014063 0.039813
1 0.132031 0.522248 0.017188 0.070258
1 0.060156 0.533958 0.020313 0.056206
1 0.240625 0.482436 0.015625 0.074941
1 0.585156 0.526932 0.014063 0.056206
1 0.577344 0.489461 0.017188 0.037471
1 0.498437 0.303279 0.018750 0.077283
1 0.429688 0.415691 0.012500 0.077283
1 0.272656 0.414520 0.020313 0.074941
1 0.446094 0.320843 0.010937 0.074941
1 0.546875 0.336066 0.012500 0.030445
1 0.560156 0.319672 0.017188 0.039813
1 0.642188 0.401639 0.018750 0.077283
1 0.462500 0.311475 0.018750 0.037471
1 0.286719 0.355972 0.010937 0.060890
1 0.272656 0.352459 0.017188 0.049180
1 0.699219 0.429742 0.020313 0.067916
1 0.645312 0.468384 0.025000 0.046838
1 0.708594 0.365340 0.014063 0.042155
1 0.676562 0.368852 0.015625 0.072600
1 0.479687 0.126464 0.012500 0.051522
1 0.590625 0.337237 0.015625 0.032787
1 0.618750 0.361827 0.018750 0.044496
1 0.614844 0.325527 0.017188 0.032787
1 0.817969 0.373536 0.017188 0.053864
1 0.557813 0.230679 0.015625 0.030445
1 0.736719 0.566745 0.023438 0.051522
1 0.535156 0.053864 0.014063 0.028103
1 0.293750 0.279859 0.012500 0.058548
1 0.264844 0.307963 0.017188 0.049180
1 0.240625 0.361827 0.015625 0.039813
1 0.425781 0.334895 0.014063 0.056206
1 0.666406 0.234192 0.014063 0.056206
1 0.604688 0.270492 0.015625 0.058548
1 0.897656 0.288056 0.014063 0.046838
1 0.942187 0.509368 0.012500 0.081967
1 0.928125 0.502342 0.015625 0.072600
1 0.375781 0.074941 0.010937 0.051522
1 0.386719 0.070258 0.010937 0.056206
1 0.562500 0.189696 0.012500 0.046838
1 0.550000 0.135831 0.012500 0.056206
1 0.531250 0.113583 0.012500 0.049180
1 0.429688 0.216628 0.015625 0.072600
1 0.424219 0.129977 0.010937 0.053864
1 0.398438 0.064403 0.012500 0.049180
1 0.406250 0.145199 0.012500 0.051522
1 0.489844 0.071429 0.014063 0.044496
1 0.432031 0.028103 0.010937 0.042155
1 0.444531 0.024590 0.014063 0.039813
1 0.415625 0.099532 0.012500 0.039813
1 0.700781 0.059719 0.014063 0.025761
1 0.550781 0.058548 0.010937 0.046838
1 0.490625 0.126464 0.012500 0.037471
1 0.509375 0.113583 0.012500 0.039813
1 0.707812 0.278689 0.018750 0.070258
1 0.876563 0.309133 0.015625 0.042155
1 0.860938 0.305621 0.012500 0.063232
1 0.910156 0.569087 0.017188 0.051522
1 0.857031 0.532787 0.020313 0.053864
1 0.656250 0.334895 0.015625 0.056206
1 0.639062 0.317330 0.012500 0.067916
1 0.668750 0.290398 0.015625 0.032787
1 0.832812 0.026932 0.012500 0.039813
