1 0.127473 0.634267 0.021978 0.118616
1 0.152198 0.635914 0.025275 0.118616
1 0.178022 0.642504 0.024176 0.118616
1 0.216484 0.643328 0.041758 0.120264
1 0.243407 0.632619 0.027473 0.135091
1 0.256593 0.586491 0.014286 0.042834
1 0.293407 0.677924 0.026374 0.192751
1 0.317582 0.679572 0.037363 0.192751
1 0.907143 0.694399 0.078022 0.205931
1 0.948352 0.692751 0.026374 0.172982
1 0.987363 0.699341 0.025275 0.186161
1 0.968681 0.690280 0.025275 0.197694
1 0.936264 0.627677 0.017582 0.082372
1 0.552198 0.589786 0.014286 0.039539
