1 0.679167 0.672593 0.110000 0.551111
1 0.910833 0.574815 0.158333 0.651852
1 0.803333 0.547407 0.096667 0.579259
1 0.684167 0.366667 0.085000 0.140741
1 0.592500 0.465926 0.045000 0.241481
1 0.477917 0.428889 0.047500 0.211852
1 0.432083 0.408889 0.029167 0.177778
1 0.400000 0.416296 0.026667 0.165926
1 0.323333 0.376296 0.028333 0.157037
1 0.292917 0.388889 0.022500 0.122963
1 0.132500 0.354815 0.020000 0.096296
1 0.085000 0.357037 0.020000 0.097778
1 0.163333 0.355556 0.021667 0.106667
1 0.251250 0.370370 0.020833 0.127407
1 0.186667 0.357037 0.018333 0.074074
1 0.207917 0.372593 0.024167 0.105185
1 0.360833 0.377778 0.023333 0.130370
