1 0.019000 0.557464 0.037333 0.579384
1 0.098333 0.543839 0.144000 0.763033
1 0.161333 0.380332 0.027333 0.170616
1 0.186000 0.365521 0.026000 0.155213
1 0.228667 0.370261 0.028667 0.169431
1 0.287000 0.416469 0.090667 0.536730
1 0.379000 0.518957 0.105333 0.665877
1 0.476667 0.582938 0.144667 0.834123
1 0.593667 0.475118 0.066667 0.471564
1 0.670667 0.438981 0.098000 0.584123
1 0.793000 0.576422 0.206667 0.761848
1 0.953833 0.420616 0.092333 0.495261
1 0.750667 0.248223 0.030000 0.105450
1 0.794333 0.156398 0.033333 0.090047
1 0.832333 0.242891 0.046667 0.158768
