1 0.036250 0.518491 0.057500 0.279586
1 0.059583 0.636834 0.082500 0.584320
1 0.132500 0.698225 0.091667 0.556213
1 0.253333 0.626479 0.071667 0.539941
1 0.299167 0.708580 0.095000 0.576923
1 0.350000 0.437130 0.043333 0.119822
1 0.407500 0.688609 0.105000 0.622781
1 0.445833 0.577663 0.078333 0.394970
1 0.527500 0.601331 0.076667 0.536982
1 0.474167 0.438609 0.033333 0.060651
1 0.452500 0.375000 0.028333 0.078402
0 0.084583 0.176775 0.049167 0.152367
1 0.573333 0.539941 0.036667 0.322485
1 0.680000 0.636834 0.101667 0.471893
1 0.729167 0.631657 0.061667 0.440828
1 0.628333 0.372781 0.033333 0.144970
1 0.633333 0.469675 0.060000 0.205621
1 0.684583 0.371302 0.027500 0.068047
1 0.656667 0.357988 0.023333 0.085799
1 0.763333 0.592456 0.081667 0.427515
1 0.775417 0.508876 0.040833 0.224852
1 0.813750 0.615385 0.049167 0.284024
1 0.905000 0.625000 0.093333 0.522189
1 0.952917 0.607249 0.052500 0.477811
1 0.904583 0.343195 0.027500 0.062130
1 0.987500 0.597633 0.025000 0.414201
1 0.847500 0.546598 0.056667 0.406805
1 0.797500 0.407544 0.038333 0.131657
1 0.805833 0.357988 0.051667 0.094675
1 0.763750 0.361686 0.029167 0.078402
