1 0.173437 0.815278 0.121875 0.369444
1 0.246484 0.634722 0.046094 0.250000
1 0.328125 0.600694 0.054688 0.229167
1 0.379297 0.577083 0.039844 0.212500
1 0.410938 0.586806 0.042188 0.248611
1 0.466797 0.668750 0.044531 0.256944
1 0.336328 0.870833 0.085156 0.258333
1 0.520312 0.829861 0.084375 0.340278
1 0.938672 0.820139 0.078906 0.359722
1 0.648047 0.731250 0.066406 0.293056
1 0.729297 0.706944 0.069531 0.311111
1 0.769922 0.703472 0.044531 0.265278
1 0.896484 0.606944 0.033594 0.208333
1 0.978516 0.575694 0.042969 0.218056
1 0.898438 0.487500 0.025000 0.038889
1 0.878516 0.549306 0.019531 0.181944
1 0.853125 0.555556 0.028125 0.152778
1 0.812109 0.588889 0.035156 0.219444
1 0.774609 0.533333 0.047656 0.111111
1 0.737500 0.511111 0.025000 0.077778
1 0.755469 0.482639 0.015625 0.087500
1 0.805469 0.479167 0.012500 0.033333
1 0.791016 0.454861 0.030469 0.051389
1 0.813672 0.444444 0.022656 0.030556
1 0.835156 0.481944 0.021875 0.083333
1 0.685937 0.598611 0.050000 0.241667
1 0.645312 0.535417 0.034375 0.173611
1 0.645312 0.445139 0.014063 0.018056
1 0.645312 0.422222 0.029687 0.047222
1 0.665234 0.475000 0.021094 0.072222
1 0.686328 0.459028 0.022656 0.051389
1 0.709375 0.476389 0.020313 0.069444
1 0.596875 0.436806 0.028125 0.070833
1 0.621094 0.410417 0.017188 0.087500
1 0.516797 0.584722 0.053906 0.158333
1 0.536719 0.514583 0.025000 0.084722
1 0.578516 0.525694 0.036719 0.137500
1 0.600391 0.638889 0.055469 0.266667
1 0.564063 0.483333 0.025000 0.072222
1 0.560547 0.450000 0.019531 0.058333
1 0.546094 0.432639 0.012500 0.029167
1 0.525000 0.423611 0.021875 0.052778
1 0.459375 0.530556 0.046875 0.116667
1 0.453125 0.409028 0.015625 0.045833
1 0.471484 0.434028 0.022656 0.073611
1 0.473438 0.455556 0.020313 0.047222
1 0.485156 0.445833 0.014063 0.033333
1 0.495312 0.425694 0.018750 0.031944
0 0.203125 0.185417 0.096875 0.081944
1 0.790625 0.451389 0.021875 0.047222
