1 0.735390 0.746104 0.042208 0.089610
1 0.709010 0.596753 0.026786 0.076623
1 0.638799 0.720779 0.042208 0.083117
1 0.644481 0.654545 0.030844 0.057143
1 0.593750 0.605844 0.031656 0.081818
1 0.523539 0.616234 0.045455 0.094805
1 0.529627 0.777273 0.051136 0.079221
1 0.442776 0.545455 0.038149 0.083117
1 0.349432 0.797403 0.051136 0.075325
1 0.335633 0.711688 0.051136 0.080519
1 0.274351 0.617532 0.042208 0.084416
1 0.229302 0.777922 0.065747 0.085714
1 0.099432 0.931818 0.067370 0.100000
1 0.052760 0.750649 0.071429 0.116883
1 0.120536 0.674675 0.060877 0.100000
1 0.064123 0.661039 0.056818 0.098701
1 0.986607 0.454545 0.026786 0.083117
1 0.400162 0.079221 0.021104 0.075325
1 0.411526 0.046753 0.021104 0.070130
1 0.378653 0.065584 0.021916 0.071429
1 0.348214 0.089610 0.024351 0.072727
1 0.283279 0.155195 0.027597 0.076623
1 0.224838 0.142208 0.027597 0.076623
1 0.740666 0.138312 0.020292 0.068831
1 0.660714 0.105195 0.021104 0.075325
1 0.635958 0.107143 0.018669 0.076623
1 0.971591 0.148052 0.027597 0.075325
1 0.253653 0.108442 0.028409 0.074026
1 0.588880 0.077273 0.018669 0.079221
1 0.107955 0.587662 0.043831 0.074026
1 0.073052 0.529221 0.053571 0.053247
1 0.024351 0.556494 0.042208 0.061039
1 0.761769 0.049351 0.017045 0.072727
1 0.620130 0.081169 0.012987 0.071429
1 0.018263 0.615584 0.034903 0.067532
1 0.352273 0.027922 0.019481 0.053247
