1 0.047009 0.379487 0.080342 0.297436
1 0.148718 0.382051 0.090598 0.637607
1 0.009829 0.333333 0.017949 0.420513
1 0.028632 0.264103 0.035043 0.182906
1 0.080342 0.252991 0.042735 0.153846
1 0.221368 0.279487 0.032479 0.220513
1 0.253419 0.297436 0.012821 0.157265
1 0.263675 0.308547 0.016239 0.145299
0 0.278205 0.261538 0.029915 0.218803
1 0.317949 0.305128 0.052991 0.295726
1 0.366239 0.276068 0.041880 0.223932
1 0.378205 0.224786 0.012821 0.097436
1 0.401282 0.265812 0.029915 0.186325
1 0.429915 0.298291 0.022222 0.117949
1 0.447436 0.276068 0.021368 0.100855
1 0.432906 0.211111 0.016239 0.056410
1 0.453419 0.203419 0.021368 0.051282
1 0.486752 0.328205 0.086325 0.389744
1 0.605556 0.351282 0.041880 0.254701
1 0.558974 0.304274 0.032479 0.256410
1 0.533333 0.301709 0.020513 0.241026
1 0.665385 0.818803 0.170085 0.362393
1 0.754274 0.411111 0.115385 0.104274
1 0.849145 0.338462 0.076068 0.441026
1 0.908120 0.339316 0.060684 0.367521
1 0.753846 0.248718 0.018803 0.094017
1 0.681624 0.242735 0.014530 0.099145
1 0.694017 0.241026 0.013675 0.102564
1 0.708547 0.241026 0.015385 0.088889
1 0.651709 0.253846 0.012821 0.087179
1 0.639316 0.255556 0.015385 0.087179
1 0.618376 0.215385 0.014530 0.041026
1 0.592308 0.241880 0.011966 0.076923
1 0.772650 0.238462 0.011966 0.076923
1 0.916239 0.232479 0.018803 0.068376
1 0.823504 0.233333 0.009402 0.042735
1 0.734188 0.236752 0.010256 0.059829
1 0.672650 0.229915 0.006838 0.049573
1 0.662821 0.241026 0.007692 0.064957
1 0.722222 0.233333 0.008547 0.046154
1 0.785470 0.235897 0.010256 0.054701
1 0.801709 0.235043 0.011966 0.056410
