1 0.856044 0.466227 0.087912 0.260297
1 0.689011 0.551895 0.070330 0.332784
1 0.624725 0.581549 0.047253 0.207578
1 0.582967 0.581549 0.042857 0.207578
1 0.496154 0.578254 0.051648 0.253707
1 0.534066 0.589786 0.030769 0.200988
1 0.463736 0.584020 0.037363 0.215815
1 0.408242 0.579901 0.049451 0.247117
1 0.377473 0.582372 0.029670 0.205931
1 0.340110 0.554366 0.051648 0.350906
1 0.310989 0.565898 0.032967 0.321252
1 0.257143 0.502471 0.145055 0.639209
1 0.203846 0.356672 0.073626 0.255354
1 0.166484 0.559308 0.047253 0.291598
