1 0.367692 0.536803 0.163077 0.592008
1 0.181538 0.478970 0.112308 0.213460
1 0.220385 0.411146 0.057692 0.149317
1 0.173077 0.298633 0.053846 0.187171
1 0.227308 0.313880 0.050000 0.116719
1 0.465000 0.335962 0.066923 0.171399
1 0.510769 0.269190 0.035385 0.060988
1 0.534615 0.346477 0.067692 0.221872
1 0.603462 0.449001 0.113077 0.399579
1 0.664231 0.309148 0.068462 0.128286
1 0.770769 0.422187 0.067692 0.358570
1 0.850385 0.436909 0.110000 0.413249
1 0.705000 0.309148 0.048462 0.115668
1 0.746538 0.274448 0.033077 0.082019
1 0.722308 0.270768 0.029231 0.064143
1 0.890000 0.272345 0.026154 0.075710
