1 0.433437 0.638817 0.066875 0.184233
1 0.763437 0.819195 0.061875 0.195373
1 0.858125 0.798201 0.070000 0.194516
1 0.977187 0.797772 0.045625 0.195373
1 0.969375 0.651671 0.057500 0.124250
1 0.846562 0.673093 0.080625 0.107112
1 0.752812 0.689803 0.044375 0.162811
1 0.903125 0.517138 0.067500 0.175664
1 0.977187 0.520566 0.045625 0.137961
1 0.498437 0.538132 0.051875 0.179949
1 0.529687 0.511997 0.039375 0.170523
1 0.659062 0.526992 0.053125 0.185090
1 0.723125 0.518852 0.066250 0.179092
1 0.888125 0.281063 0.050000 0.167952
1 0.798438 0.248929 0.040625 0.175664
1 0.719063 0.230934 0.058125 0.160240
1 0.642188 0.258783 0.041875 0.164524
1 0.232500 0.397601 0.065000 0.191945
1 0.294375 0.353470 0.056250 0.158526
1 0.302187 0.299057 0.035625 0.169666
1 0.389375 0.298629 0.042500 0.088260
1 0.444063 0.257069 0.041875 0.085690
1 0.473750 0.113111 0.038750 0.166238
1 0.424687 0.138817 0.043125 0.155955
1 0.343750 0.163239 0.045000 0.144816
1 0.353438 0.063839 0.050625 0.083119
1 0.313750 0.072408 0.028750 0.143102
1 0.284687 0.101542 0.036875 0.156812
1 0.223750 0.139674 0.052500 0.154242
1 0.073125 0.161954 0.041250 0.152528
1 0.054062 0.100686 0.038125 0.137961
1 0.124063 0.053985 0.054375 0.106255
1 0.204687 0.027421 0.033125 0.053128
