1 0.099081 0.840332 0.073491 0.279090
1 0.197178 0.684602 0.079396 0.261592
1 0.152887 0.666667 0.045932 0.250219
1 0.111877 0.507437 0.076772 0.220472
1 0.038714 0.657480 0.051181 0.268591
1 0.476050 0.519248 0.062336 0.210849
1 0.357940 0.518373 0.076772 0.247594
1 0.038714 0.065617 0.039370 0.125984
1 0.501312 0.864392 0.086614 0.271216
1 0.592192 0.878390 0.082021 0.243220
1 0.652231 0.961067 0.066929 0.077865
1 0.776575 0.900262 0.089895 0.199475
1 0.779528 0.937008 0.048556 0.125984
1 0.738189 0.972878 0.038058 0.054243
1 0.892388 0.847332 0.066929 0.305337
1 0.972441 0.689851 0.055118 0.284339
1 0.601706 0.721785 0.076115 0.122485
1 0.707021 0.791776 0.074147 0.292213
1 0.737205 0.667104 0.059711 0.156605
1 0.850394 0.687664 0.070866 0.281715
1 0.973097 0.493438 0.053806 0.129484
1 0.923885 0.527559 0.048556 0.216973
1 0.879265 0.547244 0.052493 0.146107
1 0.879921 0.446194 0.064304 0.083990
1 0.825787 0.519685 0.054462 0.146982
1 0.772310 0.613298 0.061680 0.246719
1 0.736877 0.513998 0.040682 0.116360
1 0.708661 0.560367 0.065617 0.079615
1 0.667323 0.553806 0.052493 0.218723
1 0.623031 0.575241 0.059711 0.202100
1 0.576772 0.590114 0.044619 0.226597
1 0.600722 0.435258 0.063648 0.114611
1 0.973425 0.353893 0.040026 0.098863
1 0.700131 0.379703 0.045932 0.090989
1 0.714239 0.464567 0.045276 0.106737
1 0.646654 0.365704 0.053150 0.187227
1 0.537073 0.198600 0.036089 0.174978
1 0.579724 0.278215 0.053150 0.180227
1 0.487861 0.179790 0.041339 0.163605
1 0.385827 0.163605 0.041995 0.160980
1 0.362533 0.164479 0.021654 0.157480
1 0.349738 0.118110 0.023622 0.101487
1 0.255249 0.123797 0.036745 0.091864
1 0.271982 0.060805 0.040026 0.119860
1 0.239829 0.044619 0.032152 0.087489
1 0.937008 0.391076 0.034121 0.064742
1 0.858924 0.412073 0.032808 0.055993
1 0.854987 0.364829 0.043307 0.057743
1 0.855315 0.313648 0.054462 0.088364
1 0.787073 0.396763 0.057087 0.184602
1 0.771654 0.294401 0.048556 0.126859
1 0.733924 0.298338 0.042651 0.187227
1 0.702756 0.282590 0.056430 0.110236
1 0.700459 0.195976 0.040026 0.096238
1 0.740486 0.187227 0.043963 0.087489
1 0.798885 0.208661 0.036089 0.067367
1 0.804790 0.274716 0.026903 0.113736
1 0.772310 0.167542 0.038058 0.126859
1 0.428150 0.118985 0.038714 0.152231
1 0.642060 0.147419 0.037402 0.160105
1 0.342192 0.055993 0.034777 0.083990
1 0.491798 0.064742 0.032152 0.066492
1 0.446850 0.059055 0.028871 0.072616
1 0.400591 0.045932 0.026903 0.072616
1 0.377625 0.046807 0.021654 0.058618
1 0.716535 0.050744 0.038058 0.099738
1 0.725066 0.121172 0.034121 0.060367
1 0.706365 0.139108 0.038714 0.043745
1 0.687664 0.090114 0.035433 0.052493
1 0.656168 0.083552 0.027559 0.070866
1 0.208005 0.036745 0.031496 0.071741
1 0.939304 0.062992 0.024278 0.057743
1 0.868110 0.023622 0.022310 0.045494
1 0.925525 0.045494 0.019029 0.047244
1 0.766076 0.038058 0.022966 0.055118
1 0.617782 0.099738 0.028215 0.073491
