1 0.006750 0.774667 0.012500 0.102222
1 0.028750 0.849333 0.043500 0.216000
1 0.082250 0.861778 0.033500 0.176889
1 0.181250 0.863111 0.035500 0.193778
1 0.188000 0.749333 0.022000 0.039111
1 0.210250 0.891556 0.037500 0.215111
1 0.254750 0.889778 0.040500 0.206222
1 0.326000 0.875556 0.042000 0.225778
1 0.298500 0.856000 0.042000 0.190222
1 0.310000 0.740889 0.022000 0.057778
1 0.247750 0.658222 0.038500 0.162667
1 0.277750 0.657333 0.030500 0.152000
1 0.370000 0.918222 0.049000 0.163556
1 0.390500 0.896000 0.034000 0.192000
1 0.382750 0.772444 0.027500 0.071111
1 0.418000 0.802667 0.023000 0.183111
1 0.440000 0.802667 0.029000 0.147556
1 0.468500 0.886667 0.040000 0.226667
1 0.483250 0.800889 0.016500 0.076444
1 0.507250 0.847556 0.016500 0.169778
1 0.523000 0.881333 0.044000 0.224889
1 0.535000 0.772889 0.021000 0.086222
1 0.555000 0.883556 0.035000 0.213333
1 0.575500 0.866667 0.022000 0.225778
1 0.594250 0.789778 0.021500 0.150222
1 0.608000 0.764000 0.017000 0.123556
1 0.621250 0.874222 0.028500 0.216000
1 0.649000 0.868444 0.035000 0.247111
1 0.633250 0.710222 0.020500 0.067556
1 0.644750 0.729778 0.015500 0.062222
1 0.660250 0.726222 0.017500 0.055111
1 0.671500 0.848444 0.032000 0.201778
1 0.710500 0.797778 0.040000 0.164444
1 0.132000 0.639111 0.018000 0.138667
1 0.221250 0.587111 0.019500 0.136000
1 0.315000 0.416000 0.017000 0.088889
1 0.351250 0.376889 0.012500 0.067556
1 0.618500 0.360000 0.010000 0.065778
1 0.633750 0.369778 0.010500 0.064000
1 0.641000 0.370667 0.011000 0.055111
1 0.752000 0.799556 0.038000 0.116444
1 0.772500 0.909778 0.044000 0.180444
1 0.779250 0.828889 0.036500 0.112889
1 0.782750 0.743111 0.028500 0.099556
1 0.811500 0.731111 0.022000 0.075556
1 0.816500 0.891111 0.042000 0.217778
1 0.852500 0.878222 0.042000 0.234667
1 0.889500 0.900444 0.044000 0.199111
1 0.881500 0.785778 0.028000 0.056889
1 0.932000 0.905778 0.034000 0.188444
1 0.952000 0.880444 0.034000 0.230222
1 0.975500 0.884889 0.030000 0.230222
1 0.579250 0.310222 0.012500 0.048000
1 0.275500 0.493778 0.018000 0.111111
1 0.240000 0.505333 0.017000 0.079111
1 0.336250 0.724000 0.021500 0.082667
