1 0.034615 0.634267 0.062637 0.484349
1 0.967582 0.599671 0.064835 0.280066
1 0.874176 0.589786 0.053846 0.296540
1 0.835165 0.470346 0.017582 0.054366
1 0.852198 0.471170 0.029670 0.085667
1 0.926374 0.528007 0.026374 0.100494
1 0.918132 0.472817 0.014286 0.032949
1 0.892857 0.480231 0.012088 0.041186
1 0.895604 0.453048 0.010989 0.023064
1 0.792857 0.616145 0.150549 0.645799
1 0.700000 0.621911 0.079121 0.522241
1 0.593407 0.560132 0.079121 0.273476
1 0.521978 0.565074 0.079121 0.319605
1 0.449451 0.578254 0.068132 0.240527
1 0.407143 0.574135 0.058242 0.242175
1 0.362088 0.556013 0.049451 0.314662
1 0.297253 0.656507 0.141758 0.449753
1 0.245055 0.501647 0.039560 0.090610
1 0.187912 0.518122 0.070330 0.172982
1 0.212088 0.483526 0.021978 0.060956
1 0.143407 0.603789 0.097802 0.344316
1 0.081868 0.488468 0.067033 0.149918
1 0.239560 0.467051 0.030769 0.080725
1 0.224725 0.471993 0.012088 0.028007
