1 0.026923 0.642504 0.051648 0.247117
1 0.126923 0.675453 0.097802 0.352554
1 0.169780 0.630972 0.053846 0.240527
1 0.073626 0.632619 0.037363 0.240527
1 0.289560 0.737232 0.139560 0.410214
1 0.317582 0.607908 0.046154 0.227348
1 0.975824 0.640033 0.048352 0.278418
1 0.597253 0.662273 0.045055 0.247117
1 0.639560 0.668863 0.054945 0.253707
1 0.745055 0.642504 0.054945 0.224053
1 0.701099 0.636738 0.039560 0.205931
1 0.763187 0.582372 0.014286 0.084020
1 0.569231 0.577430 0.015385 0.070840
1 0.429670 0.581549 0.013187 0.069193
1 0.441209 0.577430 0.012088 0.060956
1 0.451099 0.573311 0.012088 0.065898
