1 0.960833 0.647625 0.058667 0.286750
1 0.025250 0.619375 0.042833 0.195750
1 0.056417 0.646000 0.038500 0.251000
1 0.102083 0.654125 0.064500 0.243250
1 0.157500 0.593750 0.032000 0.157500
1 0.203833 0.623625 0.075333 0.219750
1 0.231083 0.583000 0.032500 0.138000
1 0.208583 0.532375 0.015167 0.052250
1 0.252083 0.594875 0.013833 0.103250
1 0.265167 0.554125 0.012333 0.069750
1 0.290250 0.669250 0.055167 0.300000
1 0.481833 0.706750 0.092000 0.475000
1 0.628167 0.702500 0.151333 0.407500
1 0.593750 0.585125 0.021833 0.114250
1 0.773750 0.648250 0.071833 0.288000
1 0.748833 0.602000 0.034667 0.206500
1 0.713083 0.600375 0.036167 0.222750
1 0.324583 0.603000 0.044167 0.187000
1 0.391583 0.605250 0.026167 0.169500
1 0.368000 0.598125 0.034000 0.164250
1 0.429583 0.551500 0.019500 0.081500
1 0.520500 0.561250 0.020333 0.094500
1 0.881083 0.565625 0.022500 0.122750
1 0.851000 0.580875 0.026000 0.140250
1 0.830667 0.588375 0.017333 0.144750
1 0.907167 0.549250 0.021000 0.123000
1 0.934333 0.536750 0.023333 0.091500
1 0.561917 0.560125 0.018833 0.094750
1 0.441583 0.597625 0.015833 0.173750
0 0.512167 0.329125 0.050000 0.108750
