1 0.887987 0.797199 0.081169 0.405603
1 0.816153 0.792326 0.057630 0.320341
1 0.772727 0.722899 0.038961 0.230207
1 0.740260 0.750305 0.053571 0.311815
1 0.602679 0.799635 0.098214 0.400731
1 0.655844 0.668088 0.025974 0.118149
1 0.632711 0.638246 0.026786 0.095006
1 0.536932 0.780146 0.093344 0.271620
1 0.554383 0.635810 0.024351 0.082826
1 0.564935 0.612667 0.016234 0.036541
1 0.513393 0.662607 0.033279 0.126675
1 0.457792 0.721681 0.053571 0.213155
1 0.409091 0.746041 0.051948 0.288672
1 0.064529 0.758831 0.057630 0.280146
1 0.141640 0.802071 0.096591 0.334957
1 0.183442 0.768575 0.035714 0.263094
1 0.133929 0.619367 0.035714 0.059683
1 0.233360 0.722290 0.049513 0.194884
1 0.275568 0.729598 0.051136 0.211937
1 0.310065 0.619367 0.017857 0.047503
1 0.333604 0.770402 0.068182 0.276492
1 0.374188 0.719245 0.029221 0.203410
