1 0.274945 0.740157 0.128603 0.519685
1 0.126386 0.767717 0.150776 0.464567
1 0.339246 0.592520 0.066519 0.610236
1 0.026608 0.781496 0.048780 0.437008
1 0.032151 0.490157 0.059867 0.240157
1 0.099778 0.429134 0.075388 0.212598
1 0.179601 0.423228 0.070953 0.232283
1 0.413525 0.620079 0.073171 0.578740
1 0.496674 0.620079 0.093126 0.602362
1 0.607539 0.639764 0.124169 0.610236
1 0.698448 0.616142 0.101996 0.633858
1 0.805987 0.710630 0.099778 0.570866
1 0.930155 0.625984 0.086475 0.637795
1 0.892461 0.446850 0.055432 0.279528
0 0.769401 0.161417 0.221729 0.259843
0 0.482262 0.155512 0.197339 0.208661
0 0.310421 0.177165 0.164080 0.212598
0 0.074279 0.206693 0.144124 0.248031
0 0.517738 0.309055 0.121951 0.106299
0 0.276053 0.375984 0.121951 0.192913
0 0.983370 0.320866 0.033259 0.531496
