1 0.532500 0.429333 0.075000 0.080000
1 0.324167 0.443333 0.108333 0.108000
1 0.223333 0.790667 0.440000 0.410667
1 0.450000 0.744000 0.346667 0.512000
1 0.607500 0.626000 0.195000 0.321333
1 0.844167 0.744667 0.311667 0.510667
1 0.181667 0.414000 0.043333 0.086667
1 0.213333 0.409333 0.046667 0.090667
1 0.149167 0.500000 0.135000 0.208000
1 0.852500 0.417333 0.071667 0.106667
1 0.729167 0.436667 0.058333 0.156000
1 0.794167 0.442000 0.058333 0.124000
1 0.811667 0.352667 0.050000 0.068000
1 0.437500 0.434667 0.138333 0.125333
1 0.435833 0.350000 0.028333 0.052000
1 0.683333 0.426000 0.033333 0.134667
1 0.543333 0.367333 0.040000 0.036000
1 0.595833 0.422667 0.055000 0.082667
1 0.580000 0.361333 0.033333 0.037333
1 0.399167 0.330000 0.021667 0.038667
1 0.375000 0.356000 0.030000 0.034667
1 0.310000 0.375333 0.040000 0.044000
1 0.273333 0.348000 0.033333 0.032000
1 0.567500 0.331333 0.031667 0.030667
