1 0.041946 0.709972 0.065996 0.299157
1 0.135906 0.834270 0.090604 0.331461
1 0.219239 0.825140 0.096197 0.217697
1 0.209732 0.950843 0.065996 0.098315
1 0.291387 0.816011 0.095078 0.337079
1 0.387025 0.802669 0.116331 0.391854
1 0.578859 0.841994 0.088367 0.316011
1 0.532438 0.707865 0.071588 0.311798
1 0.629195 0.730337 0.083893 0.286517
1 0.734340 0.890449 0.115213 0.219101
1 0.838926 0.842697 0.107383 0.314607
1 0.935682 0.771770 0.092841 0.290730
1 0.861857 0.597612 0.081655 0.175562
1 0.223714 0.601826 0.051454 0.217697
1 0.277405 0.546348 0.060403 0.179775
1 0.357942 0.474017 0.046980 0.161517
1 0.619687 0.512640 0.042506 0.160112
1 0.761186 0.531601 0.045861 0.209270
1 0.824944 0.466994 0.048098 0.122191
1 0.460850 0.488062 0.044743 0.161517
1 0.407718 0.493680 0.048098 0.147472
1 0.512304 0.485253 0.035794 0.122191
1 0.652125 0.434691 0.029083 0.091292
1 0.576622 0.363062 0.025727 0.049157
1 0.687919 0.541433 0.031320 0.181180
1 0.703020 0.400281 0.023490 0.056180
1 0.898210 0.362360 0.024609 0.073034
